(0.00349594,-0.00362418)
(0.0035438,-0.00389619)
(0.00358582,-0.00424492)
(0.00359702,-0.00458206)
(0.00363987,-0.00494893)
(0.00362396,-0.00535963)
(0.00359107,-0.00570599)
(0.00363289,-0.00607303)
(0.00364988,-0.00650768)
(0.00365432,-0.00692897)
(0.00368271,-0.00740363)
(0.00363612,-0.00791265)
(0.00358222,-0.00835713)
(0.00358724,-0.00883209)
(0.00355553,-0.009349)
(0.00353227,-0.00983601)
(0.00354642,-0.0103758)
(0.00350759,-0.0109435)
(0.00349248,-0.0114684)
(0.00353557,-0.012061)
(0.00352409,-0.0127162)
(0.00349638,-0.0133563)
(0.00346714,-0.0140447)
(0.00335661,-0.0147286)
(0.00326273,-0.0153291)
(0.00323805,-0.0159557)
(0.00318983,-0.0166135)
(0.00316371,-0.0172448)
(0.00317217,-0.0179319)
(0.00312052,-0.0186409)
(0.00308192,-0.0192914)
(0.00310213,-0.0199811)
(0.00308156,-0.0207141)
(0.00305681,-0.0214153)
(0.00305968,-0.0221559)
(0.00300055,-0.0229205)
(0.00293821,-0.0236247)
(0.00293433,-0.0243612)
(0.00288492,-0.025162)
(0.00279529,-0.0259426)
(0.00271065,-0.0267525)
(0.00254431,-0.0275951)
(0.00233108,-0.0283673)
(0.00216809,-0.0291336)
(0.00197835,-0.0299638)
(0.0017397,-0.0307835)
(0.00151647,-0.031625)
(0.00123435,-0.0325339)
(0.000877,-0.0334101)
(0.000553944,-0.0342678)
(0.000227337,-0.0352009)
(-0.000158733,-0.0361495)
(-0.00052678,-0.0371008)
(-0.000903103,-0.0381324)
(-0.00134876,-0.0391797)
(-0.00177003,-0.0402041)
(-0.00215544,-0.0413095)
(-0.00260291,-0.0424779)
(-0.0030744,-0.0436347)
(-0.00354225,-0.0448336)
(-0.00408493,-0.0460495)
(-0.00464696,-0.047184)
(-0.00513775,-0.0483042)
(-0.00563111,-0.0494716)
(-0.00615125,-0.0506161)
(-0.00663939,-0.051763)
(-0.00716695,-0.0529676)
(-0.007782,-0.0541416)
(-0.00839447,-0.0552685)
(-0.00902177,-0.056445)
(-0.00975139,-0.057639)
(-0.0105344,-0.0587994)
(-0.0113542,-0.0600001)
(-0.0122915,-0.0612303)
(-0.0132983,-0.0624139)
(-0.0142946,-0.0636258)
(-0.0153526,-0.0649338)
(-0.0164999,-0.0662692)
(-0.0176637,-0.0676391)
(-0.0188788,-0.0691015)
(-0.0201848,-0.0705797)
(-0.0214779,-0.0720319)
(-0.0227255,-0.0735514)
(-0.02401,-0.075138)
(-0.02531,-0.0767167)
(-0.0265841,-0.0783271)
(-0.0279136,-0.0799814)
(-0.0293118,-0.0815742)
(-0.030688,-0.083104)
(-0.032072,-0.0846541)
(-0.0335422,-0.0861856)
(-0.0350526,-0.0876565)
(-0.0365906,-0.0891434)
(-0.0382407,-0.0906532)
(-0.0399797,-0.0921167)
(-0.0417272,-0.0935934)
(-0.0435382,-0.0951715)
(-0.0454688,-0.0968016)
(-0.0474548,-0.0984559)
(-0.0494894,-0.100195)
(-0.0516336,-0.101979)
(-0.0538254,-0.10372)
(-0.0559759,-0.105463)
(-0.0581385,-0.107266)
(-0.0603591,-0.109061)
(-0.0625851,-0.110826)
(-0.0648425,-0.112623)
(-0.067221,-0.114418)
(-0.0696889,-0.116134)
(-0.0721852,-0.117834)
(-0.0747739,-0.119589)
(-0.0774972,-0.121352)
(-0.0802847,-0.123117)
(-0.0831234,-0.124963)
(-0.0860659,-0.126877)
(-0.0890537,-0.128786)
(-0.0919914,-0.130734)
(-0.0949149,-0.132782)
(-0.097877,-0.134865)
(-0.100829,-0.136924)
(-0.103768,-0.138997)
(-0.106781,-0.141062)
(-0.109873,-0.143026)
(-0.112974,-0.144908)
(-0.116122,-0.146803)
(-0.119401,-0.148705)
(-0.122784,-0.150584)
(-0.126229,-0.152504)
(-0.12979,-0.154509)
(-0.133471,-0.156527)
(-0.137168,-0.158529)
(-0.140842,-0.160584)
(-0.144553,-0.162691)
(-0.148303,-0.164767)
(-0.152041,-0.16681)
(-0.15581,-0.168872)
(-0.15969,-0.170917)
(-0.163653,-0.172899)
(-0.167645,-0.174893)
(-0.17172,-0.176988)
(-0.175922,-0.179158)
(-0.180184,-0.181374)
(-0.184451,-0.183682)
(-0.188757,-0.186076)
(-0.193083,-0.18845)
(-0.197333,-0.190758)
(-0.201491,-0.19305)
(-0.205645,-0.195326)
(-0.209832,-0.197521)
(-0.214027,-0.199652)
(-0.218274,-0.201801)
(-0.222651,-0.203971)
(-0.227123,-0.206118)
(-0.231597,-0.208289)
(-0.236072,-0.210558)
(-0.240587,-0.212893)
(-0.245107,-0.215214)
(-0.249585,-0.217522)
(-0.254076,-0.219842)
(-0.258655,-0.222119)
(-0.263296,-0.224311)
(-0.267958,-0.226493)
(-0.272682,-0.228766)
(-0.277504,-0.231127)
(-0.282359,-0.233548)
(-0.287165,-0.23606)
(-0.291933,-0.238672)
(-0.29668,-0.241288)
(-0.301351,-0.24382)
(-0.305912,-0.24629)
(-0.310443,-0.24875)
(-0.315029,-0.251184)
(-0.319661,-0.253585)
(-0.324301,-0.256029)
(-0.328971,-0.258581)
(-0.33368,-0.261198)
(-0.338345,-0.263812)
(-0.342887,-0.266429)
(-0.347343,-0.269073)
(-0.351796,-0.271695)
(-0.356258,-0.274246)
(-0.360713,-0.276777)
(-0.365198,-0.279378)
(-0.369745,-0.28206)
(-0.374285,-0.284787)
(-0.378701,-0.287576)
(-0.382972,-0.29046)
(-0.387155,-0.293389)
(-0.391282,-0.29626)
(-0.395353,-0.299046)
(-0.399418,-0.301803)
(-0.403562,-0.304568)
(-0.407786,-0.307324)
(-0.411984,-0.310093)
(-0.416074,-0.31295)
(-0.42006,-0.315917)
(-0.423966,-0.318919)
(-0.427773,-0.32189)
(-0.431491,-0.324854)
(-0.435196,-0.327872)
(-0.43895,-0.330949)
(-0.442699,-0.334078)
(-0.446327,-0.3373)
(-0.449779,-0.340661)
(-0.453069,-0.344112)
(-0.456206,-0.347533)
(-0.459184,-0.350858)
(-0.462049,-0.354118)
(-0.4649,-0.357358)
(-0.467781,-0.360586)
(-0.470621,-0.363812)
(-0.47332,-0.367094)
(-0.475858,-0.370471)
(-0.478281,-0.373889)
(-0.480618,-0.377258)
(-0.482881,-0.38057)
(-0.485109,-0.383905)
(-0.487357,-0.387333)
(-0.489604,-0.390855)
(-0.491726,-0.39445)
(-0.493609,-0.398117)
(-0.49525,-0.401842)
(-0.496733,-0.405558)
(-0.498126,-0.409195)
(-0.499446,-0.412778)
(-0.500702,-0.41641)
(-0.501906,-0.42016)
(-0.503023,-0.423993)
(-0.503963,-0.427823)
(-0.504664,-0.43161)
(-0.50517,-0.435364)
(-0.505592,-0.4391)
(-0.505978,-0.442829)
(-0.506271,-0.446593)
(-0.506375,-0.450455)
(-0.506245,-0.454422)
(-0.505893,-0.458394)
(-0.505344,-0.462245)
(-0.504623,-0.465941)
(-0.503787,-0.469571)
(-0.502901,-0.473246)
(-0.501974,-0.477007)
(-0.500928,-0.480819)
(-0.49968,-0.484636)
(-0.498238,-0.488428)
(-0.496699,-0.492176)
(-0.495145,-0.495868)
(-0.493542,-0.499535)
(-0.491775,-0.50325)
(-0.489745,-0.507059)
(-0.487435,-0.510906)
(-0.48489,-0.514664)
(-0.482169,-0.51825)
(-0.479327,-0.521703)
(-0.476409,-0.52514)
(-0.473421,-0.528634)
(-0.470308,-0.532146)
(-0.466994,-0.535583)
(-0.463457,-0.538893)
(-0.459768,-0.542109)
(-0.456028,-0.545304)
(-0.452249,-0.54853)
(-0.448328,-0.551799)
(-0.444134,-0.555075)
(-0.439638,-0.558292)
(-0.434935,-0.561371)
(-0.430153,-0.564266)
(-0.42533,-0.567006)
(-0.420399,-0.569682)
(-0.415269,-0.572364)
(-0.409918,-0.575024)
(-0.404403,-0.577563)
(-0.398809,-0.579911)
(-0.393179,-0.582111)
(-0.387491,-0.584283)
(-0.381682,-0.586497)
(-0.375699,-0.588684)
(-0.369531,-0.590691)
(-0.363219,-0.59242)
(-0.356838,-0.593921)
(-0.350434,-0.59534)
(-0.343994,-0.59678)
(-0.337448,-0.598212)
(-0.330739,-0.599531)
(-0.323884,-0.600669)
(-0.316964,-0.601672)
(-0.310033,-0.602645)
(-0.303048,-0.603635)
(-0.29589,-0.604569)
(-0.288473,-0.605306)
(-0.280836,-0.605757)
(-0.273119,-0.605947)
(-0.265436,-0.605977)
(-0.257778,-0.605918)
(-0.250047,-0.605744)
(-0.242179,-0.605376)
(-0.234233,-0.604776)
(-0.226334,-0.604)
(-0.218541,-0.603149)
(-0.210771,-0.602271)
(-0.202875,-0.601305)
(-0.194788,-0.600141)
(-0.1866,-0.598727)
(-0.178466,-0.597119)
(-0.170451,-0.595421)
(-0.16248,-0.593672)
(-0.154437,-0.591805)
(-0.146304,-0.58973)
(-0.138186,-0.587433)
(-0.130191,-0.585)
(-0.122299,-0.582515)
(-0.114374,-0.57995)
(-0.106312,-0.577176)
(-0.0981541,-0.57409)
(-0.0900469,-0.570732)
(-0.0820899,-0.567244)
(-0.0742455,-0.563722)
(-0.0664071,-0.560122)
(-0.0585384,-0.55633)
(-0.050716,-0.552317)
(-0.0430266,-0.548192)
(-0.0354499,-0.544081)
(-0.0278742,-0.539971)
(-0.0202302,-0.53569)
(-0.0125809,-0.531089)
(-0.00505424,-0.526189)
(0.00229686,-0.521155)
(0.00953307,-0.516102)
(0.0167198,-0.510982)
(0.0238162,-0.505666)
(0.0307149,-0.50013)
(0.0373899,-0.494502)
(0.0439563,-0.488908)
(0.0505481,-0.48332)
(0.0571529,-0.47758)
(0.0636167,-0.471589)
(0.0698255,-0.465409)
(0.075841,-0.459166)
(0.0818148,-0.452891)
(0.0877882,-0.446501)
(0.0936327,-0.439953)
(0.0992147,-0.433332)
(0.104571,-0.426755)
(0.109863,-0.4202)
(0.115168,-0.413517)
(0.120372,-0.406612)
(0.125318,-0.399582)
(0.129991,-0.392594)
(0.134512,-0.385679)
(0.138952,-0.378703)
(0.143247,-0.371567)
(0.147324,-0.364354)
(0.15126,-0.357222)
(0.155214,-0.350181)
(0.159209,-0.343066)
(0.163074,-0.335747)
(0.166635,-0.328286)
(0.169916,-0.320829)
(0.173065,-0.313402)
(0.176115,-0.30591)
(0.178929,-0.298337)
(0.181405,-0.290827)
(0.183639,-0.283508)
(0.185804,-0.276297)
(0.18792,-0.268997)
(0.189847,-0.261558)
(0.191516,-0.25414)
(0.193038,-0.246889)
(0.194532,-0.239745)
(0.195928,-0.232572)
(0.197073,-0.225385)
(0.197979,-0.218321)
(0.198835,-0.211404)
(0.199739,-0.204471)
(0.200554,-0.197406)
(0.201095,-0.19032)
(0.20138,-0.183396)
(0.201551,-0.17663)
(0.201626,-0.169867)
(0.201482,-0.163072)
(0.201101,-0.156402)
(0.200669,-0.149956)
(0.200326,-0.143606)
(0.199951,-0.137191)
(0.199325,-0.130766)
(0.198429,-0.12451)
(0.197416,-0.118439)
(0.196331,-0.112402)
(0.195046,-0.106367)
(0.193526,-0.100509)
(0.19195,-0.0949424)
(0.190463,-0.0895252)
(0.188945,-0.0840722)
(0.187194,-0.0786296)
(0.185237,-0.073359)
(0.183252,-0.0682403)
(0.181265,-0.0631087)
(0.179126,-0.0579643)
(0.176818,-0.0530069)
(0.174526,-0.0483148)
(0.172332,-0.0437147)
(0.170048,-0.0390775)
(0.167505,-0.034537)
(0.164808,-0.0302578)
(0.162139,-0.0261653)
(0.159458,-0.0221141)
(0.156642,-0.0181834)
(0.153783,-0.0145492)
(0.151087,-0.0111445)
(0.148517,-0.00772457)
(0.145821,-0.00424319)
(0.142922,-0.000883422)
(0.139983,0.00229826)
(0.137066,0.00545779)
(0.134023,0.00862782)
(0.130821,0.0116011)
(0.127678,0.0142775)
(0.124715,0.0168436)
(0.121749,0.0194404)
(0.118612,0.0219219)
(0.115427,0.0241462)
(0.112339,0.026246)
(0.109235,0.0283672)
(0.105998,0.0303822)
(0.102787,0.0321428)
(0.0997831,0.033793)
(0.0968493,0.0355241)
(0.0937618,0.0372199)
(0.0905882,0.0386676)
(0.0875062,0.0399319)
(0.0844454,0.0411786)
(0.0812679,0.0423178)
(0.0781228,0.0431931)
(0.0752355,0.043951)
(0.0725068,0.0448318)
(0.0697028,0.0457553)
(0.0668726,0.0464983)
(0.0641863,0.0471067)
(0.0615485,0.0477313)
(0.05879,0.0482535)
(0.0560481,0.0484993)
(0.0535326,0.0486273)
(0.0511189,0.0488796)
(0.0485896,0.0491619)
(0.0460438,0.049279)
(0.043655,0.0493293)
(0.0412978,0.0494516)
(0.0388297,0.0494782)
(0.0364288,0.0492547)
(0.0342469,0.0489747)
(0.0320791,0.0488086)
(0.0297527,0.0485708)
(0.0274477,0.0481093)
(0.0253052,0.0475954)
(0.0231746,0.0471202)
(0.0210362,0.0464922)
(0.0191538,0.045698)
(0.0175708,0.0450283)
(0.0159999,0.0445499)
(0.0143577,0.0440142)
(0.0128293,0.0433793)
(0.0113712,0.0428201)
(0.00977625,0.0422436)
(0.00816225,0.0414245)
(0.00677433,0.040499)
(0.00548592,0.0397168)
(0.00408259,0.0389515)
(0.00271556,0.0380183)
(0.00154538,0.0370785)
(0.000396942,0.0362421)
(-0.000794621,0.0352943)
(-0.00177794,0.0341966)
(-0.0025339,0.0332329)
(-0.00336367,0.0324274)
(-0.00429376,0.0315111)
(-0.00510356,0.0305004)
(-0.00586755,0.0295875)
(-0.00674897,0.0286393)
(-0.0075406,0.0275061)
(-0.00807287,0.0264435)
(-0.0086,0.0256271)
(-0.00926987,0.0248177)
(-0.00986651,0.0239142)
(-0.0103705,0.0231073)
(-0.0109861,0.0223179)
(-0.0115739,0.0213048)
(-0.0118797,0.0202345)
(-0.0120862,0.0193515)
(-0.0124033,0.018473)
(-0.0126416,0.0174606)
(-0.0127364,0.016534)
(-0.0129271,0.0157007)
(-0.0131538,0.0147179)
(-0.0131613,0.0137131)
(-0.0131153,0.0129462)
(-0.0132519,0.0122305)
(-0.013372,0.0113744)
(-0.0133558,0.0105751)
(-0.0134086,0.00984916)
(-0.0134474,0.00895965)
(-0.0132019,0.00805956)
(-0.0128612,0.00743623)
(-0.0126924,0.00690401)
(-0.0125258,0.00628089)
(-0.0123047,0.00575528)
(-0.0122652,0.00527681)
(-0.0122847,0.00457448)
(-0.0120868,0.00381917)
(-0.0118697,0.00325602)
(-0.0118084,0.00266511)
(-0.0116576,0.00195535)
(-0.0114061,0.00137767)
(-0.0112818,0.000851428)
(-0.0111024,0.000176467)
(-0.0106921,-0.000384733)
(-0.0103559,-0.000690019)
(-0.0101875,-0.00104562)
(-0.00992437,-0.00147159)
(-0.00965445,-0.00177246)
(-0.00951524,-0.00215428)
(-0.00920953,-0.00270714)
(-0.00869427,-0.00308435)
(-0.00831497,-0.00328873)
(-0.00801379,-0.00360548)
(-0.00760462,-0.00389877)
(-0.00730843,-0.00408712)
(-0.00710804,-0.00445662)
(-0.00668256,-0.00490365)
(-0.00619492,-0.00511492)
(-0.00589182,-0.00528807)
(-0.00554741,-0.00555487)
(-0.00515949,-0.00566807)
(-0.00497336,-0.00574589)
(-0.00477047,-0.00599935)
(-0.00440557,-0.00613757)
(-0.00421023,-0.00610145)
(-0.00415965,-0.00622171)
(-0.00398621,-0.00640205)
(-0.00386099,-0.00650023)
(-0.00377936,-0.00677395)
(-0.00341143,-0.0071002)
(-0.00294766,-0.00713303)
(-0.00266807,-0.00708663)
(-0.00235511,-0.00709852)
(-0.00204927,-0.00694812)
(-0.00196718,-0.00683215)
(-0.00181217,-0.00692866)
(-0.001491,-0.00689748)
(-0.00133838,-0.00675649)
(-0.00122848,-0.00678432)
(-0.00098845,-0.00677034)
(-0.000879183,-0.00668336)
(-0.000779321,-0.00679487)
(-0.000446599,-0.00685282)
(-0.000210472,-0.00668367)
(-0.000139804,-0.00662466)
(4.1927e-05,-0.00661891)
(0.000153699,-0.00650671)
(0.00018391,-0.00657045)
(0.000472118,-0.00668022)
(0.000789052,-0.00650759)
(0.000899546,-0.00632376)
(0.00106443,-0.00620206)
(0.00116836,-0.00593168)
(0.00108044,-0.00578958)
(0.00116819,-0.00580292)
(0.00134218,-0.00560301)
(0.00131525,-0.00538482)
(0.00134704,-0.00529111)
(0.00140186,-0.00505661)
(0.00126846,-0.00488835)
(0.00127372,-0.0048928)
(0.00138586,-0.00470184)
(0.00127647,-0.00448424)
(0.00120362,-0.00445773)
(0.00121659,-0.00435456)
(0.0011136,-0.00432535)
(0.00122605,-0.00446438)
(0.0015372,-0.00434347)
(0.00165333,-0.0040737)
(0.0017597,-0.00388626)
(0.00185612,-0.00354796)
(0.00170978,-0.00327522)
(0.00167332,-0.00322845)
(0.00176723,-0.00302254)
(0.00167,-0.00279979)
(0.00164503,-0.00274341)
(0.0016918,-0.00256009)
(0.00158981,-0.00243983)
(0.00167554,-0.0024561)
(0.00185511,-0.00221568)
(0.00179544,-0.00194364)
(0.00177729,-0.0018053)
(0.0017408,-0.00155349)
(0.0015513,-0.00145558)
(0.00159622,-0.00148596)
(0.00169036,-0.00126222)
(0.00157707,-0.00107288)
(0.00154958,-0.000968782)
(0.00143697,-0.00075776)
(0.00121932,-0.000776189)
