(-0.000424673,0.00190439)
(-0.000346888,0.00198612)
(-0.000280771,0.00209673)
(-0.000191037,0.00220506)
(-0.000116042,0.00231135)
(-2.06116e-05,0.00244691)
(0.000107952,0.00255324)
(0.000206563,0.0026407)
(0.000304645,0.00275692)
(0.000419308,0.0028637)
(0.000516182,0.00297972)
(0.000643402,0.00312476)
(0.000800069,0.00323731)
(0.000931517,0.00333936)
(0.00107578,0.0034622)
(0.00123355,0.00356199)
(0.00136921,0.00366589)
(0.00152846,0.00378818)
(0.00169783,0.00387673)
(0.0018311,0.00396923)
(0.00197757,0.00409532)
(0.00214229,0.00421134)
(0.00230142,0.00434112)
(0.00250469,0.00448438)
(0.00273275,0.00457937)
(0.00293274,0.0046575)
(0.00314296,0.00474588)
(0.00335946,0.004806)
(0.00355337,0.00486902)
(0.00377451,0.0049459)
(0.00401333,0.00498074)
(0.00422227,0.00500158)
(0.00444221,0.00503691)
(0.00467757,0.00504328)
(0.00489416,0.00504143)
(0.00513434,0.00504864)
(0.00539583,0.00501087)
(0.00562554,0.00494942)
(0.0058586,0.00490584)
(0.00611572,0.00484143)
(0.00636357,0.00476411)
(0.00663893,0.00469854)
(0.00695621,0.00458937)
(0.00725625,0.00443561)
(0.0075531,0.00428725)
(0.0078773,0.0041172)
(0.00819272,0.00392038)
(0.0085193,0.00373648)
(0.00889294,0.00352607)
(0.0092634,0.00326387)
(0.00962135,0.00300011)
(0.0100078,0.00272413)
(0.0103932,0.00240856)
(0.010767,0.00209424)
(0.0111734,0.00177053)
(0.011582,0.00139489)
(0.0119578,0.00100925)
(0.0123466,0.00063384)
(0.0127513,0.000226699)
(0.0131435,-0.000196089)
(0.0135627,-0.000623429)
(0.0140109,-0.00111393)
(0.0144283,-0.00166555)
(0.0148271,-0.00223322)
(0.0152343,-0.00284281)
(0.0156147,-0.00350226)
(0.0159812,-0.00417046)
(0.0163772,-0.00487516)
(0.0167668,-0.00565179)
(0.0171297,-0.00645717)
(0.0175121,-0.00728402)
(0.0179075,-0.00817086)
(0.0182893,-0.00909303)
(0.0186969,-0.0100348)
(0.0191329,-0.0110442)
(0.019544,-0.0121123)
(0.0199441,-0.0131898)
(0.0203657,-0.0142978)
(0.0207764,-0.0154518)
(0.0211756,-0.0166146)
(0.0216015,-0.0178058)
(0.0220196,-0.0190697)
(0.0223872,-0.0203729)
(0.0227359,-0.021691)
(0.0230725,-0.0230607)
(0.0233627,-0.0244759)
(0.0236331,-0.0259095)
(0.0239133,-0.0274052)
(0.0241604,-0.0289923)
(0.02436,-0.0306311)
(0.0245539,-0.032322)
(0.0247324,-0.0341013)
(0.0248685,-0.0359448)
(0.024998,-0.0378306)
(0.0251319,-0.0397987)
(0.0252216,-0.041848)
(0.0252685,-0.0439252)
(0.0253127,-0.0460345)
(0.0253352,-0.0482024)
(0.0253166,-0.0504004)
(0.0252925,-0.0526238)
(0.0252583,-0.0549245)
(0.0251578,-0.0573042)
(0.0249921,-0.0597225)
(0.0247925,-0.062196)
(0.0245361,-0.0647512)
(0.0242111,-0.0673582)
(0.0238625,-0.0700125)
(0.0234959,-0.0727614)
(0.0230691,-0.0756013)
(0.0225929,-0.0784883)
(0.0221031,-0.0814332)
(0.0215763,-0.0844586)
(0.0209902,-0.087531)
(0.0203747,-0.0906364)
(0.0197256,-0.0938156)
(0.0189876,-0.0970692)
(0.0181537,-0.100354)
(0.0172567,-0.103678)
(0.0162819,-0.107077)
(0.0152073,-0.110537)
(0.0140683,-0.114046)
(0.012886,-0.117652)
(0.0116225,-0.121373)
(0.0102684,-0.125166)
(0.00886505,-0.129016)
(0.0074161,-0.13295)
(0.00589271,-0.136947)
(0.00431231,-0.140973)
(0.00270157,-0.145048)
(0.001024,-0.149206)
(-0.00076041,-0.15342)
(-0.0026313,-0.157669)
(-0.00457369,-0.161985)
(-0.00661789,-0.166387)
(-0.00876537,-0.170844)
(-0.0109737,-0.17536)
(-0.0132405,-0.179969)
(-0.0156023,-0.184661)
(-0.0180508,-0.189384)
(-0.0205494,-0.194134)
(-0.0231104,-0.198931)
(-0.0257653,-0.203759)
(-0.028499,-0.208597)
(-0.0312963,-0.213484)
(-0.0341965,-0.218461)
(-0.0372332,-0.223509)
(-0.0403786,-0.22861)
(-0.0436051,-0.233793)
(-0.0469279,-0.239069)
(-0.0503443,-0.2444)
(-0.0538107,-0.249768)
(-0.0573168,-0.2552)
(-0.0609041,-0.260695)
(-0.0645891,-0.266209)
(-0.0683458,-0.271733)
(-0.0721741,-0.277301)
(-0.0761042,-0.282923)
(-0.0801272,-0.288576)
(-0.0842,-0.294273)
(-0.088318,-0.300049)
(-0.0925102,-0.305893)
(-0.0967693,-0.311755)
(-0.101061,-0.317619)
(-0.105393,-0.323503)
(-0.109801,-0.329398)
(-0.114287,-0.335278)
(-0.118825,-0.341169)
(-0.123428,-0.347121)
(-0.128128,-0.35314)
(-0.132911,-0.359195)
(-0.137728,-0.365282)
(-0.142568,-0.371418)
(-0.147448,-0.377582)
(-0.152361,-0.383731)
(-0.157278,-0.389864)
(-0.162215,-0.396018)
(-0.167215,-0.402199)
(-0.17228,-0.408384)
(-0.177369,-0.414579)
(-0.182463,-0.420813)
(-0.187572,-0.427084)
(-0.192685,-0.433348)
(-0.197769,-0.439588)
(-0.202826,-0.445821)
(-0.207902,-0.452052)
(-0.213022,-0.45825)
(-0.21816,-0.464412)
(-0.223292,-0.470575)
(-0.228417,-0.476764)
(-0.233525,-0.48296)
(-0.23857,-0.489138)
(-0.243523,-0.495308)
(-0.248411,-0.50148)
(-0.253275,-0.507625)
(-0.258119,-0.513711)
(-0.262923,-0.519754)
(-0.267687,-0.525787)
(-0.27242,-0.531811)
(-0.277093,-0.537794)
(-0.281661,-0.543724)
(-0.286116,-0.549616)
(-0.290498,-0.555463)
(-0.294837,-0.561231)
(-0.299123,-0.566915)
(-0.303339,-0.572552)
(-0.307488,-0.578181)
(-0.311566,-0.583797)
(-0.315529,-0.589371)
(-0.319337,-0.594901)
(-0.322995,-0.600394)
(-0.326547,-0.60583)
(-0.330011,-0.611178)
(-0.333366,-0.616435)
(-0.336591,-0.621634)
(-0.339683,-0.626795)
(-0.342632,-0.631891)
(-0.345406,-0.636884)
(-0.347984,-0.641766)
(-0.350396,-0.646553)
(-0.352693,-0.651245)
(-0.354896,-0.655829)
(-0.356972,-0.660316)
(-0.358886,-0.664737)
(-0.360627,-0.669101)
(-0.362193,-0.673369)
(-0.363568,-0.677499)
(-0.364744,-0.681489)
(-0.365742,-0.685372)
(-0.366599,-0.689172)
(-0.367317,-0.692883)
(-0.367856,-0.696489)
(-0.368175,-0.699991)
(-0.368283,-0.703382)
(-0.368216,-0.706636)
(-0.367997,-0.709726)
(-0.367617,-0.712668)
(-0.367066,-0.715513)
(-0.366342,-0.718293)
(-0.365438,-0.720982)
(-0.36433,-0.723529)
(-0.362995,-0.725901)
(-0.361448,-0.728104)
(-0.359726,-0.730155)
(-0.357845,-0.732058)
(-0.355775,-0.733813)
(-0.353472,-0.735428)
(-0.350928,-0.736906)
(-0.348187,-0.738231)
(-0.345295,-0.739369)
(-0.342271,-0.740317)
(-0.339101,-0.74111)
(-0.335767,-0.741793)
(-0.332259,-0.742365)
(-0.328563,-0.742785)
(-0.32467,-0.743006)
(-0.320584,-0.74303)
(-0.316335,-0.742892)
(-0.311954,-0.742621)
(-0.307436,-0.742208)
(-0.302745,-0.741625)
(-0.29786,-0.740846)
(-0.292805,-0.739866)
(-0.287635,-0.738692)
(-0.282388,-0.737338)
(-0.277044,-0.735822)
(-0.271554,-0.734168)
(-0.265895,-0.732381)
(-0.260088,-0.73044)
(-0.254182,-0.728309)
(-0.248201,-0.725974)
(-0.242134,-0.723458)
(-0.235953,-0.720799)
(-0.229644,-0.717999)
(-0.22322,-0.71502)
(-0.216703,-0.711819)
(-0.210115,-0.708397)
(-0.203467,-0.704809)
(-0.196759,-0.701109)
(-0.189985,-0.697303)
(-0.183134,-0.693342)
(-0.176211,-0.689174)
(-0.169236,-0.684793)
(-0.162239,-0.680238)
(-0.155236,-0.675546)
(-0.148214,-0.670715)
(-0.141152,-0.665705)
(-0.134051,-0.660489)
(-0.126947,-0.655084)
(-0.119886,-0.649545)
(-0.112886,-0.643916)
(-0.105919,-0.638197)
(-0.0989403,-0.632355)
(-0.0919405,-0.626357)
(-0.0849525,-0.620208)
(-0.0780192,-0.613938)
(-0.0711488,-0.607569)
(-0.064309,-0.601091)
(-0.0574684,-0.594468)
(-0.0506412,-0.587681)
(-0.0438845,-0.580749)
(-0.0372494,-0.573716)
(-0.0307353,-0.566611)
(-0.0242976,-0.559421)
(-0.0179002,-0.552112)
(-0.0115561,-0.544666)
(-0.00531317,-0.537104)
(0.000797594,-0.529466)
(0.00679328,-0.52177)
(0.0127144,-0.513995)
(0.0185723,-0.50611)
(0.0243285,-0.498121)
(0.0299299,-0.490077)
(0.0353609,-0.48203)
(0.0406535,-0.473987)
(0.0458469,-0.465902)
(0.0509417,-0.457733)
(0.055902,-0.449488)
(0.0606979,-0.441216)
(0.0653371,-0.432948)
(0.069847,-0.42466)
(0.0742327,-0.416304)
(0.0784644,-0.407867)
(0.0825114,-0.399405)
(0.0863787,-0.39099)
(0.0901012,-0.382645)
(0.0937,-0.374325)
(0.0971584,-0.365977)
(0.100449,-0.357602)
(0.103576,-0.349247)
(0.106576,-0.34095)
(0.109466,-0.332689)
(0.112215,-0.324417)
(0.114766,-0.316129)
(0.117107,-0.307871)
(0.119288,-0.299697)
(0.121363,-0.291611)
(0.123327,-0.283582)
(0.125123,-0.275594)
(0.126712,-0.267672)
(0.128125,-0.259841)
(0.129418,-0.252084)
(0.130604,-0.244362)
(0.131638,-0.236674)
(0.132477,-0.229074)
(0.133138,-0.221611)
(0.133679,-0.214274)
(0.134126,-0.207004)
(0.134451,-0.199775)
(0.134627,-0.192632)
(0.134668,-0.185631)
(0.134605,-0.178774)
(0.134428,-0.172007)
(0.134081,-0.165307)
(0.133539,-0.158717)
(0.132855,-0.152291)
(0.132105,-0.14603)
(0.131304,-0.139889)
(0.130406,-0.133847)
(0.129378,-0.127935)
(0.128256,-0.122173)
(0.127092,-0.116522)
(0.12588,-0.110929)
(0.124566,-0.105405)
(0.123129,-0.100027)
(0.121612,-0.0948422)
(0.120052,-0.089814)
(0.118424,-0.0848822)
(0.116681,-0.0800464)
(0.114837,-0.0753547)
(0.112956,-0.0708221)
(0.111063,-0.0664085)
(0.109109,-0.0620925)
(0.107042,-0.0579205)
(0.104892,-0.0539465)
(0.10273,-0.0501489)
(0.100578,-0.0464562)
(0.0983953,-0.0428467)
(0.0961673,-0.0393718)
(0.0939367,-0.0360673)
(0.0917308,-0.0328955)
(0.0894995,-0.0298079)
(0.0871789,-0.0268274)
(0.0847885,-0.0240123)
(0.0824118,-0.021359)
(0.0800852,-0.0188027)
(0.0777689,-0.0163169)
(0.0754356,-0.0139501)
(0.0731237,-0.0117363)
(0.0708648,-0.00962859)
(0.0686133,-0.00756873)
(0.0663079,-0.00558099)
(0.0639734,-0.00373315)
(0.061693,-0.00202865)
(0.0594897,-0.000410014)
(0.0573091,0.00113481)
(0.0551247,0.00254867)
(0.052981,0.00380838)
(0.0509033,0.00497646)
(0.0488369,0.0061065)
(0.0467347,0.00716119)
(0.0446459,0.00808517)
(0.0426488,0.00890754)
(0.0407347,0.0096956)
(0.0388377,0.0104426)
(0.0369523,0.0110897)
(0.0351277,0.0116424)
(0.0333561,0.01217)
(0.0315666,0.0126817)
(0.0297494,0.0131036)
(0.0279904,0.013401)
(0.0263466,0.0136328)
(0.0247761,0.0138408)
(0.0232392,0.01398)
(0.0217765,0.0140171)
(0.0204181,0.0140118)
(0.0190998,0.0140236)
(0.0177567,0.0140111)
(0.0164326,0.0139136)
(0.0152033,0.013767)
(0.0140514,0.0136386)
(0.0129178,0.0135043)
(0.0118247,0.0133001)
(0.010828,0.0130487)
(0.0098931,0.0128157)
(0.00894143,0.0125778)
(0.00799173,0.0122614)
(0.0071286,0.0118855)
(0.00635422,0.0115359)
(0.00560256,0.0112177)
(0.00487893,0.010867)
(0.00424436,0.0104912)
(0.00367502,0.0101535)
(0.0030836,0.00982924)
(0.00247436,0.00942728)
(0.00193098,0.00894954)
(0.00145903,0.00848241)
(0.000990893,0.00803986)
(0.000534993,0.00756745)
(0.000161241,0.00708741)
(-0.000149602,0.00667581)
(-0.000479082,0.00630807)
(-0.000810394,0.00589109)
(-0.00105844,0.00543073)
(-0.00123402,0.00500465)
(-0.00141186,0.00460308)
(-0.00157506,0.00416602)
(-0.00166208,0.00373208)
(-0.00171499,0.00337634)
(-0.00180761,0.00305815)
(-0.00189287,0.00270088)
(-0.00189057,0.00234636)
(-0.00184086,0.00206505)
(-0.00181064,0.00181229)
(-0.00176046,0.00153107)
(-0.00165719,0.00127337)
(-0.00158153,0.00107174)
(-0.00158058,0.000838193)
(-0.00156886,0.000523012)
(-0.00149278,0.000207686)
(-0.00141466,-6.15191e-05)
(-0.00134899,-0.000340908)
(-0.00122105,-0.000623375)
(-0.00104238,-0.000821415)
(-0.000907643,-0.000951492)
(-0.000802932,-0.00111254)
(-0.000640909,-0.00129111)
(-0.000449205,-0.00141009)
(-0.000302743,-0.00150561)
(-0.000160082,-0.00163877)
(2.57542e-05,-0.00174939)
(0.000178186,-0.0017929)
(0.00025732,-0.00185499)
(0.000358632,-0.00197342)
(0.000521755,-0.00205669)
(0.000669475,-0.00207963)
(0.000800968,-0.00211517)
(0.00098759,-0.0021435)
(0.00118427,-0.00209387)
(0.00130893,-0.00203047)
(0.00142532,-0.00204074)
(0.00160855,-0.00206221)
(0.00179319,-0.00203454)
(0.00194064,-0.00202041)
(0.00212067,-0.00202419)
(0.00231453,-0.00195491)
(0.00241963,-0.00183817)
(0.00246845,-0.00177505)
(0.00255429,-0.00172737)
(0.00263271,-0.00162232)
(0.00265545,-0.00152168)
(0.00270119,-0.00145754)
(0.00278317,-0.00134393)
(0.00280593,-0.00119108)
(0.00279386,-0.0011031)
(0.00284621,-0.00104638)
(0.00291737,-0.000934526)
(0.0029398,-0.000821614)
(0.00297741,-0.000744219)
(0.0030348,-0.000618783)
(0.00300956,-0.000461599)
(0.00293184,-0.000383918)
(0.00291097,-0.000348583)
(0.00290787,-0.000267187)
(0.00287256,-0.000191291)
(0.00288213,-0.000135458)
(0.00292759,-6.27104e-07)
(0.00289946,0.000186771)
(0.00283631,0.000319808)
(0.00282537,0.000448332)
(0.00279868,0.000631156)
(0.00272258,0.000784406)
(0.00268401,0.000902598)
(0.00265199,0.00107139)
(0.0025403,0.00122743)
(0.00243207,0.00129036)
(0.00239171,0.00135266)
(0.00232907,0.00145343)
(0.00224335,0.00151389)
(0.00220382,0.00157906)
(0.00212753,0.00171171)
(0.00196256,0.00180512)
(0.00182493,0.00182336)
(0.00172877,0.00187299)
(0.00159174,0.00193486)
(0.00147294,0.00195312)
(0.0014029,0.0020198)
(0.00126863,0.00213851)
(0.00109071,0.00218863)
(0.000977283,0.00220962)
(0.000869485,0.00227708)
(0.000733003,0.00231176)
(0.000660402,0.0023209)
(0.000605455,0.00239873)
(0.000484668,0.00246724)
(0.000397469,0.00246666)
(0.000371834,0.00250698)
(0.000303585,0.00258381)
(0.000230884,0.00262035)
(0.000189754,0.00269359)
(6.68447e-05,0.00280155)
(-0.000109155,0.00281259)
(-0.000217377,0.00277231)
(-0.000316645,0.0027612)
(-0.000428694,0.00270513)
(-0.000464563,0.00263989)
(-0.000501702,0.00265653)
(-0.000611616,0.00265305)
(-0.000681644,0.00259477)
(-0.000720257,0.0025895)
(-0.000812386,0.00258794)
(-0.000876398,0.00254409)
(-0.000915286,0.002559)
(-0.00103467,0.00258047)
(-0.00114527,0.00251509)
(-0.00118487,0.0024689)
(-0.00125537,0.00245702)
(-0.00131883,0.00240003)
(-0.00133303,0.00238385)
(-0.00141772,0.00240679)
(-0.00153174,0.00233835)
(-0.00156416,0.0022471)
(-0.00159727,0.002195)
(-0.0016265,0.00209841)
(-0.00157863,0.00202731)
(-0.00156973,0.00203145)
(-0.00161268,0.00197838)
(-0.0015885,0.00189959)
(-0.00156791,0.00187613)
(-0.00157618,0.00181521)
(-0.00152048,0.00175481)
(-0.00149376,0.00176683)
(-0.00152921,0.00172622)
(-0.00149927,0.00164887)
(-0.00146524,0.00163617)
(-0.0014778,0.00159993)
(-0.0014475,0.00155709)
(-0.00146097,0.00157664)
(-0.00155472,0.00152178)
(-0.00158188,0.00139255)
(-0.00157993,0.00129871)
(-0.00158756,0.00116776)
(-0.00150984,0.00103885)
(-0.00144532,0.00100229)
(-0.00144666,0.000930739)
(-0.00138948,0.000831079)
(-0.00133853,0.000795712)
(-0.00133047,0.000725769)
(-0.00126694,0.000653236)
(-0.00124387,0.000643732)
(-0.00127474,0.000561851)
(-0.00122416,0.000447814)
(-0.00117101,0.000393885)
(-0.00113287,0.000308145)
(-0.00103365,0.000254954)
(-0.000998948,0.000269732)
(-0.00100998,0.000206661)
(-0.000947461,0.000134719)
(-0.000907678,0.000109089)
(-0.00086427,4.10264e-05)
(-0.000769316,3.02098e-05)
