3.38453e-06
4.84571e-06
5.42127e-06
5.90382e-06
6.60242e-06
6.26544e-06
6.64729e-06
8.10372e-06
8.48738e-06
8.88711e-06
9.4129e-06
8.55863e-06
8.65076e-06
1.00316e-05
1.05517e-05
1.18478e-05
1.36152e-05
1.40834e-05
1.5929e-05
1.85091e-05
1.89371e-05
1.95946e-05
2.03605e-05
2.00864e-05
2.30975e-05
2.8721e-05
3.3486e-05
3.99348e-05
4.63175e-05
4.98874e-05
5.5865e-05
6.32183e-05
6.71324e-05
7.1828e-05
7.68617e-05
7.83621e-05
8.2503e-05
8.93461e-05
9.19132e-05
9.41768e-05
9.76765e-05
9.7996e-05
0.000102031
0.000112554
0.00012114
0.00013
0.000141677
0.000149301
0.000158119
0.00017441
0.000188965
0.000201648
0.000218882
0.000232964
0.000244313
0.000263081
0.000281064
0.000291871
0.000306023
0.000321577
0.000334546
0.000359032
0.000394173
0.000424617
0.000455226
0.000488283
0.0005109
0.000531365
0.000561692
0.000587616
0.000606886
0.000634096
0.000661603
0.000685156
0.000722836
0.00076932
0.00080602
0.00084396
0.000889634
0.000929238
0.000974135
0.00103991
0.00110604
0.00116261
0.00122698
0.00129226
0.00134778
0.00141753
0.0015071
0.00158964
0.00166925
0.00176241
0.00184972
0.00192635
0.00201861
0.00211588
0.00219058
0.00226203
0.00234832
0.00243184
0.00252419
0.00265609
0.00280534
0.00294241
0.00308807
0.00324834
0.00339607
0.00354712
0.00373336
0.00392738
0.00410339
0.00429183
0.00449957
0.0046947
0.00489281
0.00512606
0.00536099
0.00556648
0.00577936
0.00601805
0.0062531
0.00650092
0.00680454
0.00713312
0.00743875
0.00774956
0.00809191
0.00843097
0.0087694
0.0091626
0.00959899
0.0100184
0.0104354
0.0108937
0.0113618
0.0118109
0.0122905
0.012818
0.0133278
0.0138057
0.0143199
0.0148829
0.015452
0.0160564
0.01675
0.0174815
0.0181744
0.0188589
0.0195832
0.0203047
0.0209988
0.0217377
0.0225516
0.023364
0.0241498
0.0249895
0.0259099
0.0268484
0.0278097
0.0288673
0.0299956
0.0310892
0.0321489
0.033263
0.0344289
0.0355812
0.0367558
0.0380327
0.0393624
0.0406366
0.0418779
0.0431803
0.0445262
0.0458463
0.0471905
0.0486514
0.0501823
0.0516757
0.0531622
0.054748
0.0564156
0.0580712
0.0597381
0.0615091
0.0633484
0.0651368
0.066893
0.0687579
0.0707676
0.0728293
0.074925
0.0771399
0.079457
0.0817153
0.0838408
0.0859493
0.0881426
0.0903665
0.092569
0.0948436
0.097276
0.0997685
0.102177
0.104539
0.107005
0.109595
0.112204
0.114821
0.117556
0.120427
0.123277
0.126007
0.128735
0.131619
0.134642
0.137694
0.140789
0.144029
0.147378
0.150648
0.153756
0.156847
0.16008
0.163425
0.166761
0.170099
0.17355
0.177097
0.180566
0.183865
0.187122
0.1905
0.193964
0.197358
0.200653
0.203992
0.207467
0.210985
0.214434
0.217886
0.221513
0.225346
0.229226
0.233041
0.236869
0.240832
0.244859
0.248722
0.252297
0.255705
0.259133
0.262614
0.266057
0.269451
0.272918
0.276536
0.280187
0.283682
0.287002
0.290331
0.293821
0.297396
0.300851
0.304112
0.307315
0.310616
0.31398
0.317231
0.320282
0.323249
0.326307
0.329492
0.332689
0.335806
0.338879
0.341983
0.345075
0.348001
0.350675
0.353203
0.355785
0.358502
0.361241
0.363852
0.366338
0.368849
0.371475
0.374096
0.376474
0.3785
0.380317
0.382181
0.384206
0.386273
0.388197
0.389952
0.391701
0.393606
0.39563
0.397552
0.399196
0.400616
0.402044
0.403655
0.405396
0.407053
0.408473
0.409708
0.410928
0.412199
0.413378
0.414244
0.414727
0.415002
0.415344
0.415883
0.416522
0.417074
0.417476
0.417844
0.418327
0.418916
0.419421
0.419642
0.419551
0.419308
0.419095
0.418965
0.418826
0.418562
0.418138
0.417597
0.416988
0.416317
0.415551
0.41465
0.413577
0.412319
0.410927
0.409524
0.408236
0.407069
0.405877
0.404486
0.402862
0.401148
0.399505
0.397934
0.39627
0.394354
0.392186
0.38989
0.387576
0.385254
0.382887
0.380457
0.377958
0.375361
0.372645
0.369874
0.367166
0.36456
0.36193
0.359083
0.355957
0.352676
0.349412
0.346225
0.343074
0.339911
0.33672
0.333456
0.330044
0.326482
0.322888
0.319398
0.316001
0.312563
0.308985
0.305304
0.301605
0.297912
0.294214
0.290551
0.286985
0.283478
0.279908
0.276211
0.272462
0.268766
0.265115
0.261431
0.257689
0.253918
0.250099
0.246163
0.242125
0.238119
0.234263
0.230542
0.226885
0.223287
0.219781
0.216327
0.212849
0.209359
0.205949
0.202646
0.19936
0.19602
0.192649
0.189268
0.185826
0.182298
0.178774
0.175356
0.172042
0.168772
0.165559
0.162444
0.159382
0.156285
0.153155
0.150068
0.14704
0.144027
0.141046
0.138178
0.135425
0.132706
0.129983
0.127293
0.12463
0.121933
0.119213
0.116566
0.114039
0.111586
0.109189
0.106877
0.104621
0.102325
0.0999653
0.0976115
0.0952942
0.0929863
0.0907113
0.0885342
0.0864426
0.0843655
0.0823003
0.0802947
0.078331
0.0763576
0.0743951
0.0724861
0.0705994
0.0686986
0.0668337
0.0650591
0.0633492
0.0616802
0.0600856
0.0585626
0.0570424
0.0555048
0.0539988
0.0525311
0.0510663
0.0496244
0.0482455
0.0468989
0.0455451
0.0442175
0.0429448
0.0416894
0.0404333
0.039207
0.0379972
0.0367564
0.0355045
0.0342954
0.0331262
0.0319874
0.0309174
0.0299246
0.0289618
0.0280206
0.0271333
0.0262849
0.0254421
0.0246224
0.0238343
0.0230375
0.0222264
0.0214415
0.0206829
0.0199278
0.0191965
0.0184992
0.0177999
0.0170951
0.0164217
0.0157799
0.0151536
0.0145648
0.0140184
0.0134783
0.0129416
0.0124327
0.0119376
0.011441
0.0109635
0.010503
0.0100344
0.00957333
0.00914455
0.00873483
0.00834183
0.00798294
0.0076421
0.00729926
0.00697316
0.00667183
0.00637861
0.00610068
0.00584582
0.00559044
0.00532878
0.0050795
0.00483661
0.00459214
0.00436213
0.004144
0.00392264
0.0037117
0.00352114
0.00333756
0.00316326
0.00300336
0.00284033
0.00267187
0.00251404
0.00236377
0.00221866
0.00209074
0.00197393
0.0018576
0.00175185
0.00165805
0.00156672
0.0014837
0.00140935
0.00133182
0.00125609
0.00118935
0.00112384
0.00106083
0.00100393
0.000942814
0.00087746
0.000817033
0.000758114
0.000700887
0.000651473
0.000603439
0.000554078
0.000510599
0.000470664
0.000432386
0.000400813
0.00037188
0.000342613
0.000318711
0.000298344
0.000278433
0.000261814
0.000244586
0.000223668
0.000204124
0.000185972
0.000168115
0.000154109
0.000141726
0.000128429
0.000117399
0.000107634
9.74975e-05
8.92364e-05
8.10368e-05
7.14713e-05
6.34565e-05
5.65397e-05
4.99217e-05
4.52318e-05
4.07761e-05
3.55696e-05
3.15609e-05
2.81524e-05
2.51069e-05
2.35588e-05
