0.0859704
0.0892897
0.0923035
0.0962277
0.100051
0.0993778
0.0999696
0.104008
0.1073
0.111974
0.115493
0.114454
0.115858
0.12031
0.12382
0.128934
0.132036
0.130627
0.132406
0.136943
0.140389
0.145461
0.147968
0.145889
0.147343
0.151479
0.15431
0.158646
0.160251
0.156995
0.157206
0.16031
0.161864
0.164679
0.16511
0.16031
0.158427
0.159998
0.159954
0.160796
0.160211
0.154242
0.150051
0.150137
0.149082
0.14836
0.147632
0.142001
0.136347
0.135583
0.134962
0.133915
0.134096
0.13074
0.125082
0.123768
0.124515
0.124137
0.125055
0.124472
0.119709
0.116841
0.117745
0.117796
0.117846
0.118348
0.114833
0.109703
0.108569
0.108798
0.107989
0.108477
0.107867
0.103703
0.101213
0.102907
0.104898
0.107282
0.111441
0.113307
0.112589
0.115144
0.120828
0.125648
0.131053
0.136559
0.137234
0.135581
0.137482
0.140344
0.141204
0.142521
0.142245
0.136849
0.131347
0.130165
0.129642
0.12831
0.128522
0.127537
0.122714
0.118977
0.119451
0.120237
0.120061
0.120916
0.119986
0.114886
0.110464
0.110034
0.110363
0.110361
0.112315
0.114264
0.113258
0.112815
0.11685
0.122565
0.127299
0.132775
0.137392
0.136766
0.133428
0.132909
0.133744
0.132743
0.131867
0.131577
0.128159
0.122359
0.119643
0.120545
0.121093
0.121092
0.122038
0.121011
0.115938
0.111147
0.110443
0.111657
0.112851
0.115959
0.120768
0.123298
0.123245
0.125133
0.129775
0.133169
0.134509
0.135826
0.135212
0.130047
0.123829
0.121513
0.122085
0.122218
0.122447
0.12371
0.122889
0.117986
0.112875
0.111557
0.112724
0.114142
0.117114
0.122495
0.126874
0.127462
0.127053
0.128996
0.131343
0.131284
0.130359
0.130221
0.128561
0.123785
0.119168
0.11817
0.119186
0.119
0.118148
0.118486
0.118689
0.116791
0.114802
0.116589
0.122093
0.12748
0.130908
0.133609
0.13493
0.132053
0.125685
0.120702
0.119883
0.120982
0.121216
0.121087
0.121566
0.120854
0.117365
0.113591
0.11371
0.118332
0.124117
0.128514
0.13199
0.134451
0.133336
0.127845
0.121731
0.119176
0.119951
0.120811
0.120406
0.120149
0.120551
0.119978
0.117882
0.116739
0.11928
0.124607
0.128909
0.130272
0.130284
0.130238
0.128811
0.124793
0.11989
0.117067
0.116786
0.116898
0.116442
0.117325
0.121312
0.1268
0.129892
0.128843
0.126007
0.124345
0.123936
0.123411
0.122867
0.123455
0.124691
0.124016
0.120079
0.115287
0.11374
0.117089
0.122999
0.127686
0.129693
0.13024
0.130213
0.128758
0.12507
0.12024
0.116576
0.115238
0.11546
0.116496
0.119077
0.124121
0.130365
0.134054
0.132214
0.126178
0.120478
0.118352
0.11917
0.120017
0.119326
0.118534
0.120007
0.124031
0.12809
0.129137
0.126746
0.12339
0.121477
0.121287
0.121678
0.121743
0.121594
0.1218
0.122512
0.123384
0.123891
0.123817
0.123582
0.123523
0.123331
0.122813
0.122429
0.122657
0.123289
0.123549
0.123063
0.122343
0.122053
0.12241
0.123148
0.123573
0.123236
0.122606
0.122444
0.122876
0.123375
0.123536
0.123607
0.123847
0.123863
0.123283
0.122379
0.121685
0.121532
0.121731
0.121698
0.121368
0.121707
0.123794
0.127146
0.129217
0.127721
0.123427
0.119512
0.118314
0.119295
0.120014
0.119223
0.118682
0.121213
0.12708
0.132757
0.133862
0.129566
0.123174
0.118341
0.116062
0.115296
0.115381
0.117112
0.121087
0.125916
0.129285
0.130329
0.130042
0.129258
0.126995
0.122159
0.116458
0.113663
0.11576
0.120724
0.124409
0.124741
0.123392
0.12288
0.123475
0.123995
0.124498
0.126338
0.12913
0.129752
0.126171
0.120549
0.116798
0.11621
0.116821
0.116868
0.117501
0.120713
0.125675
0.129347
0.130331
0.130111
0.129922
0.128311
0.123866
0.118778
0.116716
0.118143
0.120151
0.120502
0.120046
0.120383
0.12081
0.119995
0.119532
0.12255
0.128779
0.133797
0.134231
0.131365
0.127745
0.123259
0.117574
0.113426
0.113898
0.117896
0.121142
0.121549
0.121024
0.121216
0.120989
0.120055
0.121326
0.126643
0.132749
0.134948
0.133128
0.130248
0.126689
0.121277
0.116134
0.114898
0.117097
0.118766
0.118334
0.118043
0.118989
0.119181
0.118377
0.119864
0.124731
0.12918
0.130339
0.130272
0.131127
0.130999
0.128635
0.127007
0.127541
0.12655
0.121738
0.116372
0.113642
0.112394
0.111525
0.113398
0.118828
0.123423
0.123764
0.122393
0.122246
0.122129
0.121791
0.124617
0.130977
0.135594
0.135599
0.13408
0.132621
0.129103
0.124719
0.123246
0.123201
0.120207
0.115257
0.112357
0.111319
0.110332
0.111584
0.116752
0.121531
0.122068
0.121037
0.121106
0.120572
0.12001
0.12326
0.129027
0.131866
0.131819
0.132683
0.133574
0.132801
0.133749
0.137107
0.13705
0.131911
0.126427
0.12172
0.116149
0.112664
0.113467
0.114174
0.111882
0.110019
0.110155
0.109942
0.110859
0.115712
0.120514
0.120928
0.120013
0.120245
0.119501
0.119491
0.123675
0.128178
0.128621
0.128347
0.129707
0.130244
0.131895
0.137737
0.142596
0.142224
0.140806
0.139872
0.137044
0.135647
0.137417
0.136068
0.130132
0.1248
0.120004
0.114596
0.11262
0.113317
0.110924
0.106652
0.104426
0.102515
0.101258
0.104254
0.108179
0.108312
0.107826
0.108694
0.108578
0.110278
0.115634
0.118602
0.117768
0.117794
0.117734
0.117191
0.12062
0.125124
0.125124
0.124173
0.124581
0.123966
0.125911
0.131703
0.134406
0.133952
0.13506
0.135669
0.136949
0.143038
0.148092
0.148285
0.149039
0.150039
0.150314
0.155108
0.160643
0.160512
0.159646
0.15966
0.158341
0.160899
0.165406
0.164177
0.161299
0.159766
0.156865
0.157345
0.160403
0.157992
0.153587
0.150822
0.146882
0.146105
0.148014
0.144734
0.13962
0.136265
0.13194
0.130805
0.132007
0.128192
0.12309
0.119672
0.115467
0.114653
0.115394
0.11125
0.106654
0.103441
0.0997087
0.0996157
0.0998667
0.0955495
0.0917624
0.0888119
0.0858783
