0.0663823
0.0704878
0.0703814
0.0745915
0.0785157
0.0784775
0.0833485
0.0871025
0.0872086
0.0926796
0.0962845
0.0965606
0.102551
0.106018
0.106432
0.11283
0.116144
0.116595
0.123245
0.126349
0.126666
0.133352
0.13614
0.13608
0.142521
0.144843
0.144103
0.149955
0.151632
0.149883
0.154768
0.155631
0.152576
0.156125
0.156078
0.151537
0.153469
0.15256
0.146572
0.146781
0.145272
0.138196
0.136829
0.135232
0.127796
0.125289
0.124322
0.117582
0.11461
0.115042
0.110206
0.107529
0.109909
0.10802
0.106232
0.110565
0.112105
0.11138
0.116875
0.12144
0.121399
0.126478
0.132701
0.132548
0.135263
0.141152
0.140111
0.138966
0.142629
0.140543
0.135425
0.135919
0.133634
0.126328
0.124172
0.123287
0.117035
0.113938
0.115805
0.113776
0.111597
0.116013
0.119346
0.118876
0.123513
0.130216
0.130747
0.132222
0.13808
0.138279
0.134693
0.136044
0.135501
0.128652
0.125173
0.125035
0.119937
0.114974
0.116614
0.117671
0.115397
0.118173
0.124785
0.126484
0.127424
0.133611
0.136811
0.133673
0.133421
0.134935
0.129843
0.123568
0.122984
0.12146
0.116143
0.115447
0.120036
0.12155
0.121589
0.127296
0.133345
0.132686
0.131946
0.134954
0.133279
0.126309
0.123323
0.123383
0.119446
0.11561
0.118698
0.123564
0.12409
0.125853
0.132373
0.135282
0.131633
0.129815
0.130544
0.126246
0.119353
0.118295
0.120953
0.12057
0.120327
0.126073
0.132372
0.13207
0.130171
0.131873
0.130945
0.124048
0.119147
0.120399
0.121624
0.120136
0.122196
0.12937
0.133285
0.130843
0.129291
0.13034
0.127204
0.120227
0.117798
0.121407
0.124089
0.123955
0.126869
0.132959
0.133949
0.128404
0.124406
0.124382
0.12271
0.118837
0.119445
0.126154
0.131293
0.130332
0.128732
0.129915
0.128472
0.122086
0.117735
0.120551
0.125892
0.127482
0.127393
0.130297
0.132579
0.128296
0.121089
0.119059
0.122511
0.125231
0.125284
0.127216
0.131853
0.132469
0.126249
0.120129
0.120252
0.123876
0.125446
0.125514
0.128385
0.132323
0.130668
0.123538
0.118859
0.121022
0.125808
0.127562
0.127184
0.128788
0.130646
0.127567
0.120971
0.118284
0.122851
0.129406
0.130961
0.128002
0.126058
0.126069
0.124508
0.121266
0.121011
0.126383
0.132513
0.13205
0.12546
0.12039
0.121316
0.125298
0.127348
0.126987
0.127505
0.128976
0.127489
0.122551
0.119393
0.122609
0.129804
0.133146
0.128847
0.122137
0.120098
0.123556
0.127731
0.128503
0.126983
0.126433
0.126529
0.124973
0.12245
0.122408
0.126602
0.131376
0.130723
0.124399
0.119063
0.120573
0.127603
0.132701
0.13037
0.123616
0.119829
0.122303
0.127761
0.130337
0.127997
0.124323
0.12314
0.124544
0.126333
0.126738
0.126257
0.126327
0.126474
0.12553
0.124124
0.123967
0.12598
0.128563
0.128464
0.125191
0.122147
0.122705
0.126759
0.130228
0.128988
0.124161
0.120922
0.122715
0.127917
0.131038
0.128482
0.123058
0.120557
0.123507
0.128916
0.130978
0.127442
0.122349
0.121027
0.124614
0.12931
0.130074
0.126336
0.122476
0.122306
0.125542
0.128631
0.128397
0.125729
0.123893
0.124225
0.125657
0.126498
0.126295
0.12629
0.126762
0.126215
0.124364
0.123117
0.124585
0.12834
0.130324
0.127307
0.12187
0.119913
0.124207
0.130867
0.132517
0.126919
0.12013
0.11931
0.125052
0.131076
0.131097
0.126105
0.12223
0.122631
0.125193
0.126565
0.12642
0.127114
0.12858
0.127465
0.123125
0.120014
0.122626
0.129461
0.133171
0.12919
0.122059
0.119446
0.123024
0.127809
0.128907
0.127376
0.12703
0.127298
0.124961
0.121024
0.120611
0.126117
0.132428
0.132151
0.125742
0.120793
0.121518
0.124763
0.126083
0.126115
0.128301
0.131079
0.12895
0.12223
0.118214
0.12152
0.128079
0.130627
0.128551
0.127175
0.127557
0.12545
0.120612
0.118999
0.124213
0.131126
0.132113
0.12799
0.125439
0.125428
0.123577
0.120001
0.120456
0.12695
0.132734
0.131481
0.126872
0.125281
0.125129
0.122135
0.118946
0.121618
0.128933
0.132605
0.129943
0.127305
0.127499
0.125517
0.120069
0.11784
0.122718
0.128851
0.129809
0.128736
0.130563
0.131094
0.125469
0.11908
0.119108
0.12302
0.124365
0.124553
0.128969
0.134209
0.132493
0.126386
0.123934
0.124015
0.121008
0.117701
0.120789
0.127746
0.130321
0.129254
0.13115
0.133249
0.12871
0.121729
0.120237
0.121669
0.120168
0.119305
0.124741
0.131325
0.131689
0.130184
0.132308
0.132045
0.125371
0.120126
0.120723
0.120787
0.118116
0.119816
0.12688
0.130601
0.129773
0.132018
0.135363
0.131774
0.125447
0.124131
0.123294
0.118194
0.115701
0.119945
0.123491
0.123345
0.12689
0.133766
0.134734
0.131797
0.132911
0.133065
0.126594
0.121397
0.121604
0.119647
0.115186
0.116567
0.121827
0.122926
0.1239
0.130531
0.135014
0.133224
0.133969
0.13687
0.132996
0.127106
0.126525
0.124315
0.117622
0.115514
0.117794
0.116333
0.115141
0.120567
0.125191
0.125212
0.129285
0.135886
0.135812
0.134851
0.138589
0.137643
0.131813
0.130842
0.129839
0.122833
0.118818
0.119298
0.115488
0.111517
0.114136
0.115705
0.113898
0.117642
0.123611
0.124131
0.126885
0.134177
0.135797
0.135665
0.141054
0.142387
0.13878
0.140423
0.140837
0.134721
0.132625
0.132423
0.125771
0.12131
0.121318
0.116222
0.111227
0.112217
0.110132
0.106098
0.108373
0.109772
0.10745
0.110745
0.115189
0.114571
0.11821
0.124682
0.125247
0.12841
0.135709
0.136736
0.138711
0.145777
0.146597
0.146934
0.153025
0.153175
0.151725
0.156466
0.15572
0.1526
0.155927
0.154267
0.14977
0.151841
0.149381
0.143891
0.144979
0.141898
0.135807
0.13622
0.132703
0.126367
0.126389
0.122588
0.1163
0.116156
0.112178
0.106163
0.106009
0.101914
0.0963332
0.0962541
0.0920631
0.0870322
0.0870479
0.0827581
0.0783564
0.07843
0.074033
0.0703149
0.0703625
0.0658629
