1.79134e-09
2.84002e-08
4.8004e-08
4.32056e-08
7.95261e-08
7.32965e-08
2.67141e-08
5.99842e-08
8.81376e-08
8.55334e-08
1.47573e-07
1.49174e-07
7.63446e-08
9.70114e-08
1.15199e-07
9.19241e-08
1.55305e-07
1.69946e-07
1.2934e-07
2.3615e-07
3.32424e-07
3.44457e-07
4.58919e-07
4.75709e-07
3.10298e-07
2.9368e-07
3.44237e-07
3.23668e-07
4.6518e-07
5.90758e-07
5.15205e-07
5.99126e-07
7.73967e-07
7.76514e-07
9.20695e-07
1.11992e-06
1.01202e-06
1.02112e-06
1.29972e-06
1.40199e-06
1.57721e-06
1.95853e-06
1.94188e-06
1.75834e-06
1.9553e-06
2.08717e-06
2.14736e-06
2.63288e-06
2.96481e-06
2.85565e-06
3.08855e-06
3.48269e-06
3.54354e-06
3.94957e-06
4.61314e-06
4.68991e-06
4.86256e-06
5.69831e-06
6.33012e-06
6.97345e-06
8.27382e-06
9.07327e-06
9.00787e-06
9.42208e-06
1.00745e-05
1.02437e-05
1.11095e-05
1.27017e-05
1.34787e-05
1.41451e-05
1.5838e-05
1.72961e-05
1.84265e-05
2.07091e-05
2.29749e-05
2.38432e-05
2.51498e-05
2.75134e-05
2.92568e-05
3.13442e-05
3.51257e-05
3.82636e-05
3.98558e-05
4.24322e-05
4.57704e-05
4.81359e-05
5.16325e-05
5.73663e-05
6.21492e-05
6.57096e-05
7.10148e-05
7.68588e-05
8.12247e-05
8.69792e-05
9.49537e-05
0.000101152
0.000105877
0.000113072
0.000121373
0.000128684
0.000138746
0.000152483
0.000164564
0.000174611
0.000187093
0.000200367
0.000211395
0.000224771
0.00024314
0.000260722
0.000276055
0.000294898
0.000316571
0.000336079
0.000357212
0.000384765
0.000412655
0.000436242
0.00046189
0.000492202
0.000521099
0.000550308
0.000588276
0.000631759
0.000671642
0.000711456
0.000757879
0.000805176
0.000849474
0.00090069
0.000963077
0.00102593
0.00108594
0.00115313
0.00122772
0.00129957
0.00137226
0.00145789
0.00155129
0.0016393
0.00172705
0.00182589
0.00192951
0.00203057
0.00214213
0.00227515
0.00241671
0.00255512
0.00270099
0.00286119
0.00302183
0.00317784
0.00334774
0.00353955
0.00373566
0.00392827
0.00413427
0.00435974
0.00458765
0.00481566
0.00506664
0.00534697
0.00563379
0.00591792
0.00621882
0.00654313
0.00687096
0.00719925
0.00755605
0.00795304
0.0083653
0.00877785
0.00921039
0.00967394
0.0101453
0.0106121
0.0111026
0.0116404
0.0122049
0.0127716
0.0133573
0.0139863
0.0146422
0.0152984
0.0159729
0.0167028
0.0174813
0.0182699
0.0190647
0.019898
0.0207745
0.02166
0.0225482
0.0234837
0.0244968
0.0255584
0.026635
0.0277448
0.0289195
0.0301396
0.0313619
0.0325954
0.0338931
0.0352698
0.0366819
0.0381034
0.0395687
0.0411107
0.0427009
0.0442972
0.0459213
0.0476346
0.0494473
0.0513064
0.0531811
0.0551073
0.0571194
0.0591847
0.0612514
0.0633371
0.0655128
0.0678037
0.0701588
0.0725347
0.0749616
0.0774879
0.0800935
0.0827112
0.0853285
0.088013
0.0908198
0.0937175
0.096643
0.0995998
0.102651
0.10582
0.109047
0.112274
0.115535
0.118914
0.122431
0.126018
0.129616
0.133252
0.136986
0.140808
0.14464
0.148439
0.152265
0.156211
0.160288
0.164425
0.168573
0.172775
0.177097
0.181531
0.185986
0.190403
0.194832
0.199367
0.204028
0.208741
0.213438
0.218143
0.222933
0.227827
0.232748
0.237615
0.242444
0.247338
0.252361
0.25747
0.262572
0.267637
0.272725
0.277901
0.283133
0.288316
0.293387
0.2984
0.303466
0.308633
0.313841
0.319
0.324099
0.329213
0.334405
0.339636
0.344796
0.349812
0.354729
0.359653
0.364641
0.369643
0.37456
0.37936
0.384104
0.388875
0.393676
0.398416
0.402999
0.407419
0.411772
0.416154
0.42057
0.424934
0.429156
0.433233
0.437239
0.441234
0.445189
0.448997
0.452568
0.455916
0.459142
0.462344
0.465534
0.468637
0.471573
0.474342
0.47702
0.479681
0.482321
0.484848
0.487161
0.489231
0.491125
0.49294
0.494722
0.496428
0.497969
0.499292
0.500421
0.501432
0.502383
0.503253
0.50396
0.504421
0.50462
0.504625
0.504537
0.504411
0.504223
0.503894
0.503362
0.502632
0.501771
0.500846
0.499865
0.498768
0.497467
0.495911
0.494121
0.492176
0.490159
0.488103
0.485978
0.48372
0.481283
0.478675
0.475959
0.473199
0.470412
0.467554
0.464549
0.461337
0.457917
0.454339
0.450677
0.446983
0.44326
0.439466
0.435542
0.431463
0.427251
0.422966
0.418663
0.414357
0.410019
0.405595
0.401037
0.396335
0.391522
0.386661
0.381812
0.377
0.372205
0.36738
0.362488
0.357516
0.352486
0.347439
0.342413
0.337422
0.332444
0.327431
0.32234
0.317153
0.311889
0.306588
0.3013
0.296064
0.29089
0.28576
0.280641
0.275507
0.270355
0.265206
0.26009
0.255038
0.250069
0.245178
0.240333
0.235501
0.230657
0.225794
0.220927
0.216084
0.211301
0.206602
0.201993
0.197459
0.192978
0.18853
0.184101
0.179693
0.175322
0.171013
0.166786
0.16265
0.158599
0.154619
0.150689
0.146787
0.142905
0.139049
0.135233
0.131479
0.127806
0.124229
0.120752
0.117367
0.114058
0.110812
0.107616
0.104465
0.101361
0.0983146
0.0953379
0.0924391
0.0896236
0.0868906
0.0842312
0.0816315
0.0790787
0.0765638
0.0740809
0.0716304
0.0692204
0.0668626
0.0645669
0.0623417
0.0601927
0.0581201
0.0561176
0.0541774
0.0522921
0.050454
0.0486572
0.0469005
0.0451867
0.0435193
0.0419024
0.0403413
0.0388391
0.0373949
0.0360055
0.0346665
0.0333714
0.0321125
0.0308843
0.0296838
0.028509
0.0273598
0.0262393
0.0251514
0.0240993
0.0230862
0.0221152
0.0211871
0.0203002
0.0194527
0.0186416
0.0178624
0.017111
0.0163848
0.0156814
0.0149987
0.0143366
0.0136959
0.0130773
0.0124816
0.0119108
0.0113658
0.0108463
0.0103523
0.00988313
0.00943671
0.0090108
0.00860377
0.00821339
0.00783716
0.0074737
0.00712207
0.00678099
0.00645012
0.00613009
0.00582115
0.00552358
0.00523844
0.00496642
0.00470752
0.00446218
0.00423078
0.00401276
0.00380754
0.00361478
0.00343345
0.00326223
0.00310043
0.00294714
0.00280108
0.00266153
0.00252801
0.00239961
0.00227585
0.00215676
0.00204202
0.00193139
0.00182513
0.00172323
0.0016255
0.00153221
0.00144354
0.00135928
0.00127954
0.00120442
0.0011336
0.00106693
0.00100446
0.000945843
0.000890793
0.00083926
0.000790894
0.000745307
0.000702443
0.000662063
0.00062381
0.000587631
0.000553364
0.000520679
0.000489548
0.000459931
0.000431597
0.000404546
0.000378793
0.000354142
0.000330588
0.000308201
0.000286847
0.000266523
0.000247304
0.00022906
0.000211771
0.000195516
0.0001802
0.000165794
0.000152358
0.000139782
0.000128015
0.000117108
0.00010697
9.75577e-05
8.89033e-05
8.0912e-05
7.35271e-05
6.67749e-05
6.05772e-05
5.48871e-05
4.97219e-05
4.50019e-05
4.06809e-05
3.67745e-05
3.32202e-05
2.99853e-05
2.70809e-05
2.44448e-05
2.20469e-05
1.98977e-05
1.79497e-05
1.6186e-05
