0.177887
0.1759
0.174572
0.172726
0.171874
0.171438
0.16959
0.168262
0.167641
0.166806
0.167259
0.167667
0.166403
0.165213
0.163656
0.161152
0.159515
0.157785
0.155323
0.154291
0.154113
0.153925
0.154669
0.154474
0.152189
0.14978
0.147095
0.144031
0.142388
0.141157
0.139319
0.138473
0.138057
0.137065
0.136648
0.135868
0.133509
0.131338
0.129666
0.127633
0.126457
0.125808
0.124079
0.122482
0.121799
0.120971
0.120768
0.121453
0.121114
0.119966
0.119152
0.117698
0.115812
0.114737
0.113432
0.111579
0.110839
0.11092
0.110928
0.111649
0.11234
0.111357
0.10966
0.108191
0.106257
0.104655
0.104383
0.104207
0.103823
0.104491
0.105684
0.106576
0.108053
0.109753
0.110232
0.110285
0.110964
0.111429
0.111822
0.113113
0.114183
0.114134
0.114305
0.115047
0.115489
0.116381
0.118194
0.119348
0.119489
0.119893
0.120242
0.119864
0.119905
0.120675
0.120895
0.120985
0.122335
0.124325
0.12621
0.128735
0.131318
0.132144
0.131571
0.130933
0.129836
0.128226
0.127568
0.127865
0.127763
0.127687
0.128689
0.129906
0.13058
0.131533
0.132503
0.13194
0.130135
0.128518
0.126847
0.124598
0.122805
0.121823
0.120378
0.118347
0.117093
0.116729
0.11641
0.116586
0.11783
0.118928
0.118811
0.118301
0.118011
0.117183
0.115842
0.115183
0.115206
0.114877
0.11454
0.11538
0.117097
0.118695
0.120444
0.122625
0.123948
0.123459
0.122157
0.121047
0.119763
0.118323
0.117885
0.118675
0.119462
0.119817
0.120665
0.122134
0.123238
0.123939
0.125153
0.126657
0.127283
0.127099
0.127232
0.127707
0.127589
0.12698
0.126716
0.126427
0.125063
0.122979
0.121516
0.120906
0.120422
0.120157
0.120773
0.121765
0.121792
0.120708
0.119587
0.118827
0.117849
0.116677
0.116168
0.116404
0.116314
0.115416
0.114632
0.114773
0.115492
0.116432
0.118171
0.121077
0.124138
0.125999
0.126622
0.126861
0.126877
0.126249
0.125366
0.125309
0.12622
0.126956
0.126726
0.126039
0.125519
0.124823
0.123529
0.122228
0.121751
0.121785
0.121204
0.119643
0.1179
0.116679
0.11582
0.115102
0.115035
0.116147
0.117868
0.118917
0.118833
0.118436
0.118611
0.119331
0.120242
0.121549
0.123652
0.126103
0.127727
0.127992
0.127635
0.127592
0.127761
0.127307
0.125908
0.124099
0.122353
0.12048
0.118281
0.116295
0.115384
0.115694
0.116471
0.11707
0.1178
0.119394
0.121834
0.124093
0.12512
0.124803
0.123786
0.122567
0.12121
0.119863
0.119053
0.119189
0.119944
0.120492
0.120503
0.120588
0.121546
0.123303
0.124853
0.125322
0.124897
0.124485
0.124588
0.124778
0.124271
0.122843
0.121048
0.119586
0.118684
0.11815
0.117813
0.11773
0.117948
0.118268
0.118441
0.118538
0.118933
0.119883
0.121177
0.12232
0.123119
0.123949
0.125276
0.126936
0.128026
0.127691
0.126021
0.124005
0.122568
0.121752
0.120887
0.119505
0.11799
0.117215
0.117585
0.118531
0.119002
0.118509
0.117631
0.117421
0.118361
0.11996
0.121339
0.122182
0.12301
0.12446
0.126398
0.127859
0.127919
0.126618
0.124879
0.12356
0.122742
0.121925
0.120775
0.119532
0.118686
0.118391
0.118349
0.118197
0.117914
0.117777
0.117965
0.118395
0.119005
0.119973
0.121478
0.123253
0.124577
0.124937
0.124632
0.124473
0.124841
0.12517
0.124571
0.12295
0.121241
0.120401
0.120402
0.120404
0.119862
0.11919
0.1192
0.120133
0.121511
0.122815
0.123939
0.124817
0.124934
0.123686
0.121288
0.118863
0.117391
0.116794
0.116307
0.115679
0.115598
0.116754
0.118892
0.121116
0.122957
0.124676
0.126429
0.12769
0.127959
0.127643
0.127582
0.127793
0.127308
0.125487
0.122988
0.120977
0.119788
0.118962
0.118328
0.118262
0.118723
0.118773
0.117668
0.116
0.11506
0.115301
0.116119
0.117041
0.11833
0.120096
0.121568
0.122007
0.12191
0.122419
0.123735
0.12497
0.125613
0.12615
0.126854
0.127026
0.126235
0.125378
0.12554
0.126426
0.12693
0.126764
0.126381
0.12555
0.123443
0.120255
0.11742
0.115846
0.115052
0.114491
0.114568
0.115543
0.116501
0.11659
0.116423
0.11704
0.118232
0.119139
0.119845
0.120925
0.121885
0.121691
0.120661
0.120164
0.120559
0.121113
0.121817
0.123391
0.125466
0.126695
0.126898
0.127191
0.127802
0.127837
0.127303
0.127143
0.127195
0.126343
0.124705
0.123496
0.122799
0.121675
0.120287
0.119599
0.119333
0.118588
0.117939
0.118569
0.120062
0.121265
0.122275
0.123416
0.123607
0.122018
0.119796
0.118149
0.116658
0.115115
0.114537
0.11505
0.115405
0.115424
0.116183
0.117518
0.118227
0.118438
0.118887
0.118852
0.117644
0.116498
0.116499
0.116923
0.117407
0.11882
0.12088
0.122242
0.123246
0.125145
0.127388
0.128987
0.130567
0.132224
0.132489
0.131331
0.130367
0.129672
0.128449
0.127588
0.127802
0.127919
0.127699
0.128529
0.130155
0.131102
0.131583
0.131911
0.130715
0.127934
0.125479
0.12371
0.121864
0.120775
0.120859
0.120622
0.119867
0.119891
0.120182
0.119678
0.119199
0.118918
0.117578
0.115789
0.115062
0.114702
0.114052
0.114013
0.114038
0.112894
0.111705
0.11142
0.110942
0.110281
0.110205
0.109528
0.107696
0.106274
0.105423
0.104289
0.103821
0.104353
0.104586
0.105039
0.10682
0.108721
0.110098
0.111657
0.11233
0.111425
0.110772
0.110884
0.110966
0.111991
0.113988
0.115275
0.116424
0.118333
0.119634
0.120346
0.121382
0.121497
0.120785
0.12116
0.122077
0.122876
0.124614
0.126275
0.126883
0.128207
0.130279
0.131922
0.134096
0.136235
0.136741
0.137132
0.138115
0.138539
0.13959
0.141543
0.142821
0.1447
0.14787
0.150419
0.152679
0.154618
0.154409
0.153642
0.153967
0.154312
0.155686
0.158308
0.159994
0.161718
0.164171
0.165503
0.166579
0.167607
0.166983
0.166687
0.167682
0.168404
0.169923
0.171719
0.172077
0.173108
0.174991
0.176283
0.178244
