0.125366
0.125356
0.125349
0.125342
0.125338
0.125338
0.125332
0.125328
0.125327
0.125324
0.125326
0.12533
0.125327
0.125327
0.125327
0.125323
0.125324
0.125323
0.125317
0.125314
0.125312
0.125309
0.125309
0.125306
0.125296
0.125286
0.125275
0.125262
0.125252
0.125244
0.125231
0.125221
0.125214
0.125205
0.1252
0.125196
0.125188
0.125181
0.125179
0.125174
0.125173
0.125173
0.125168
0.125161
0.125157
0.12515
0.125143
0.125142
0.125136
0.125128
0.125123
0.125117
0.12511
0.125108
0.125104
0.125097
0.125092
0.12509
0.125086
0.125084
0.125084
0.125076
0.125066
0.125057
0.125047
0.125037
0.125032
0.125026
0.125018
0.125013
0.12501
0.125005
0.125003
0.125002
0.124995
0.124987
0.124982
0.124976
0.124968
0.124965
0.12496
0.124948
0.124938
0.124929
0.124917
0.124908
0.124903
0.124896
0.124886
0.12488
0.124876
0.12487
0.124867
0.124868
0.124866
0.124864
0.124866
0.12487
0.124873
0.124878
0.124885
0.124886
0.124882
0.12488
0.124876
0.12487
0.124866
0.124865
0.124861
0.124855
0.124853
0.124851
0.124846
0.124842
0.124841
0.124835
0.124825
0.124818
0.124813
0.124806
0.124802
0.124803
0.124802
0.124799
0.124799
0.124803
0.124805
0.124809
0.124818
0.124826
0.12483
0.124832
0.124837
0.12484
0.124842
0.124847
0.124855
0.124861
0.124866
0.124874
0.124885
0.124894
0.124902
0.124913
0.12492
0.12492
0.124917
0.124916
0.124915
0.124913
0.124915
0.124922
0.124928
0.124931
0.124935
0.124942
0.124947
0.12495
0.124956
0.124965
0.12497
0.124974
0.124979
0.124987
0.124992
0.124994
0.124997
0.125
0.124998
0.124992
0.124988
0.124988
0.124987
0.124986
0.12499
0.124995
0.124998
0.124997
0.124997
0.125
0.125003
0.125006
0.125012
0.125022
0.125029
0.125031
0.125031
0.125033
0.125036
0.125037
0.12504
0.125048
0.125057
0.12506
0.125059
0.125057
0.125054
0.125049
0.125043
0.125041
0.125042
0.125042
0.125037
0.125029
0.125021
0.125012
0.125001
0.124989
0.124982
0.124977
0.124971
0.12496
0.124949
0.12494
0.124933
0.124925
0.124921
0.124921
0.124924
0.124923
0.124916
0.124908
0.124901
0.124896
0.124892
0.124889
0.124889
0.124892
0.124892
0.124887
0.124882
0.12488
0.124881
0.124882
0.124881
0.124878
0.124878
0.124877
0.124876
0.124875
0.124878
0.124887
0.124896
0.124904
0.124911
0.124922
0.124938
0.124953
0.124964
0.124969
0.124971
0.124973
0.124974
0.124975
0.124978
0.124983
0.124991
0.124995
0.124996
0.124996
0.125
0.125006
0.125011
0.12501
0.125006
0.125002
0.125002
0.125003
0.125002
0.124997
0.124991
0.124986
0.124984
0.124983
0.124982
0.124981
0.124981
0.124981
0.124979
0.124975
0.124973
0.124971
0.124971
0.124969
0.124965
0.124961
0.12496
0.124961
0.12496
0.124954
0.124944
0.124933
0.124926
0.124923
0.12492
0.124915
0.124909
0.124906
0.124909
0.124914
0.124916
0.124914
0.12491
0.124908
0.124912
0.124918
0.124924
0.124927
0.12493
0.124938
0.124948
0.124958
0.124964
0.124964
0.124963
0.124965
0.124969
0.124973
0.124974
0.124975
0.124976
0.124979
0.124982
0.124984
0.124984
0.124984
0.124984
0.124985
0.124986
0.124988
0.124993
0.124999
0.125004
0.125004
0.125002
0.125002
0.125006
0.125009
0.125009
0.125004
0.124997
0.124994
0.124993
0.124992
0.124986
0.124979
0.124973
0.12497
0.124969
0.124967
0.124965
0.124962
0.124956
0.124945
0.12493
0.124914
0.124903
0.124897
0.12489
0.124881
0.124874
0.124871
0.124873
0.124875
0.124876
0.124877
0.12488
0.124883
0.124882
0.124881
0.124884
0.12489
0.124894
0.124894
0.124892
0.124892
0.124896
0.124901
0.124906
0.124913
0.124922
0.124929
0.12493
0.124927
0.124927
0.124933
0.12494
0.124948
0.124957
0.124969
0.124979
0.124985
0.124989
0.124997
0.125008
0.125019
0.125027
0.125034
0.125042
0.125046
0.125045
0.125044
0.125046
0.125052
0.125056
0.125057
0.125059
0.125059
0.125055
0.125045
0.125037
0.125033
0.125031
0.125028
0.125026
0.125026
0.125024
0.125017
0.125008
0.125002
0.124999
0.124996
0.124993
0.124993
0.124995
0.124992
0.124987
0.124984
0.124986
0.124987
0.124988
0.124992
0.124998
0.124999
0.124995
0.124992
0.124989
0.124984
0.124976
0.124971
0.124967
0.12496
0.124951
0.124945
0.124942
0.124937
0.12493
0.124926
0.124923
0.124917
0.12491
0.124909
0.124911
0.124912
0.124912
0.124915
0.124914
0.124906
0.124895
0.124887
0.124878
0.124868
0.12486
0.124856
0.12485
0.124842
0.124837
0.124836
0.124833
0.124829
0.124827
0.124823
0.124815
0.124807
0.124804
0.124802
0.124799
0.1248
0.124804
0.124805
0.124805
0.12481
0.124817
0.124823
0.124831
0.124841
0.124847
0.124849
0.124852
0.124857
0.124859
0.124861
0.124867
0.12487
0.12487
0.124873
0.124879
0.124882
0.124883
0.124886
0.124884
0.124877
0.124872
0.124869
0.124866
0.124865
0.124868
0.12487
0.124869
0.124873
0.124879
0.124884
0.124891
0.124901
0.124908
0.124914
0.124924
0.124936
0.124945
0.124957
0.124968
0.124973
0.124976
0.124984
0.12499
0.124995
0.125003
0.125009
0.125009
0.125011
0.125016
0.125019
0.125024
0.125032
0.125037
0.125042
0.125052
0.125063
0.12507
0.12508
0.125086
0.125086
0.125088
0.125092
0.125094
0.125099
0.125107
0.125111
0.125114
0.125121
0.125127
0.125132
0.12514
0.125145
0.125147
0.125154
0.125161
0.125165
0.125172
0.125176
0.125175
0.125176
0.125181
0.125184
0.125191
0.1252
0.125203
0.125209
0.125219
0.125226
0.125236
0.125249
0.125257
0.125267
0.12528
0.12529
0.125299
0.125308
0.125308
0.125308
0.125311
0.125312
0.125315
0.125321
0.125321
0.125321
0.125324
0.125324
0.125324
0.125326
0.125323
0.125322
0.125326
0.125328
0.125333
0.125339
0.12534
0.125345
0.125353
0.125361
0.125372
