4.985e-07
5.85556e-07
6.53921e-07
6.9805e-07
8.00315e-07
8.26438e-07
8.57366e-07
1.02795e-06
1.1672e-06
1.31142e-06
1.53045e-06
1.62261e-06
1.7193e-06
1.97322e-06
2.15903e-06
2.36895e-06
2.70487e-06
2.91123e-06
3.16672e-06
3.64119e-06
3.99137e-06
4.28098e-06
4.62418e-06
4.6826e-06
4.6679e-06
4.89319e-06
5.03033e-06
5.14437e-06
5.42468e-06
5.48473e-06
5.45147e-06
5.68064e-06
5.82572e-06
5.89033e-06
6.15143e-06
6.25431e-06
6.25937e-06
6.60357e-06
6.95378e-06
7.15972e-06
7.52794e-06
7.72364e-06
7.63847e-06
7.81378e-06
8.09868e-06
8.19581e-06
8.4528e-06
8.70518e-06
8.58642e-06
8.5551e-06
8.74678e-06
8.7354e-06
8.75311e-06
8.97433e-06
8.94594e-06
8.84035e-06
9.08723e-06
9.29784e-06
9.30933e-06
9.45652e-06
9.42822e-06
8.97871e-06
8.65024e-06
8.5228e-06
8.23371e-06
8.0459e-06
8.07203e-06
7.85844e-06
7.53238e-06
7.49549e-06
7.46882e-06
7.30249e-06
7.33784e-06
7.43171e-06
7.26852e-06
7.19703e-06
7.44241e-06
7.65111e-06
7.83969e-06
8.27927e-06
8.63307e-06
8.65157e-06
8.76961e-06
9.08632e-06
9.24066e-06
9.41016e-06
9.8334e-06
1.00771e-05
9.99048e-06
1.00441e-05
1.02335e-05
1.02107e-05
1.02233e-05
1.05095e-05
1.06509e-05
1.05305e-05
1.06391e-05
1.09863e-05
1.11999e-05
1.14962e-05
1.20841e-05
1.2455e-05
1.2407e-05
1.24425e-05
1.26189e-05
1.259e-05
1.26251e-05
1.30598e-05
1.34659e-05
1.35658e-05
1.3808e-05
1.42927e-05
1.45602e-05
1.46887e-05
1.50537e-05
1.52916e-05
1.49716e-05
1.45043e-05
1.42409e-05
1.38598e-05
1.3332e-05
1.31172e-05
1.31401e-05
1.28892e-05
1.24385e-05
1.21957e-05
1.20085e-05
1.15803e-05
1.11971e-05
1.11118e-05
1.09516e-05
1.04681e-05
1.001e-05
9.76886e-06
9.46144e-06
9.03492e-06
8.8219e-06
8.82878e-06
8.65781e-06
8.23817e-06
7.89874e-06
7.70139e-06
7.42968e-06
7.18513e-06
7.319e-06
7.83435e-06
8.41334e-06
9.00031e-06
9.83997e-06
1.08927e-05
1.17989e-05
1.25627e-05
1.35982e-05
1.49511e-05
1.62194e-05
1.73621e-05
1.87914e-05
2.05324e-05
2.21206e-05
2.35242e-05
2.52692e-05
2.74097e-05
2.9358e-05
3.09822e-05
3.28438e-05
3.51082e-05
3.72708e-05
3.9264e-05
4.17785e-05
4.50349e-05
4.82844e-05
5.10853e-05
5.39723e-05
5.72547e-05
6.03366e-05
6.29489e-05
6.5913e-05
6.98394e-05
7.4063e-05
7.78136e-05
8.15104e-05
8.58126e-05
9.02966e-05
9.43535e-05
9.86473e-05
0.000104291
0.000111027
0.000117609
0.00012375
0.00013021
0.000137007
0.000143204
0.000148845
0.000155503
0.000164197
0.000174109
0.000184223
0.000195043
0.000207443
0.000220832
0.000234111
0.000247946
0.000264263
0.000283505
0.000304105
0.000325099
0.000347543
0.000372412
0.000398807
0.000425869
0.000455242
0.000489587
0.000529139
0.000571826
0.000616894
0.000666241
0.000721388
0.000781366
0.000845305
0.000915484
0.000995377
0.00108527
0.00118246
0.00128614
0.0013995
0.00152555
0.00166349
0.00181148
0.0019715
0.00214845
0.00234443
0.00255741
0.002787
0.00303835
0.00331765
0.00362537
0.00395766
0.00431457
0.00470309
0.00513051
0.00559782
0.00610294
0.00664845
0.00724151
0.00788574
0.00857792
0.00931634
0.0101099
0.0109742
0.0119177
0.0129366
0.0140254
0.0151885
0.0164384
0.0177829
0.0192208
0.0207508
0.0223816
0.0241283
0.0259988
0.027991
0.0301047
0.0323519
0.034749
0.0373004
0.0399959
0.0428286
0.0458123
0.0489757
0.0523372
0.0558907
0.0596199
0.0635232
0.0676212
0.071936
0.0764703
0.0812094
0.0861452
0.0912923
0.0966774
0.102316
0.108203
0.114327
0.120689
0.127303
0.134177
0.141305
0.148676
0.156285
0.164146
0.172269
0.180651
0.189277
0.198138
0.207239
0.216593
0.226202
0.236048
0.246113
0.256395
0.266907
0.277659
0.288638
0.299815
0.311164
0.322676
0.334355
0.346198
0.358185
0.370287
0.382483
0.394768
0.407145
0.419614
0.432164
0.444774
0.457416
0.470066
0.482711
0.495346
0.507967
0.520551
0.533047
0.545405
0.557602
0.569658
0.581596
0.593403
0.605015
0.616368
0.627446
0.638289
0.648929
0.659331
0.669406
0.679086
0.688373
0.697322
0.705965
0.714275
0.722192
0.729676
0.736721
0.743329
0.749483
0.755164
0.760368
0.765094
0.769319
0.773005
0.776144
0.778787
0.780992
0.782755
0.783998
0.784648
0.784704
0.784224
0.78325
0.781776
0.779784
0.777276
0.774264
0.770736
0.76667
0.762092
0.757071
0.751656
0.745824
0.739518
0.732727
0.725504
0.717896
0.709907
0.701525
0.692773
0.683687
0.674267
0.664492
0.654383
0.644018
0.633464
0.622715
0.611734
0.600516
0.589098
0.577502
0.565725
0.553793
0.54177
0.529705
0.517576
0.505341
0.493006
0.480624
0.468227
0.455823
0.443443
0.431146
0.418959
0.406852
0.394791
0.3828
0.370922
0.35917
0.347541
0.336062
0.324772
0.313667
0.302703
0.291866
0.28119
0.270702
0.2604
0.250296
0.240432
0.230833
0.221475
0.212328
0.2034
0.19471
0.186244
0.17799
0.169969
0.162207
0.154697
0.147413
0.140358
0.133549
0.126975
0.120612
0.114466
0.108557
0.102877
0.0974061
0.0921485
0.0871206
0.0823138
0.0777049
0.0732908
0.0690781
0.065052
0.0611906
0.0574972
0.0539858
0.0506499
0.0474751
0.044464
0.0416197
0.0389243
0.0363587
0.0339253
0.0316286
0.0294573
0.0274025
0.02547
0.0236594
0.021955
0.0203481
0.0188436
0.0174388
0.0161208
0.0148856
0.0137358
0.0126636
0.0116566
0.0107147
0.00984146
0.00903056
0.00827521
0.00757741
0.00693562
0.00633968
0.00578467
0.00527321
0.00480263
0.004366
0.00396287
0.00359437
0.00325484
0.00293962
0.00265107
0.00238983
0.00215162
0.00193529
0.00174206
0.00156821
0.00140892
0.00126442
0.00113488
0.00101689
0.00090908
0.000812636
0.000725785
0.000645816
0.000573604
0.000509991
0.000453046
0.000402065
0.000357816
0.000318813
0.000283204
0.000251696
0.000224658
0.000200768
0.000179915
0.00016259
0.000147497
0.00013365
0.000121728
0.000111551
0.000102184
9.39719e-05
8.70962e-05
8.0608e-05
7.45507e-05
6.9676e-05
6.55685e-05
6.18625e-05
5.90299e-05
5.67183e-05
5.42635e-05
5.21725e-05
5.07542e-05
4.94742e-05
4.84807e-05
4.80597e-05
4.75436e-05
4.67793e-05
4.6378e-05
4.61129e-05
4.56579e-05
4.54902e-05
4.54512e-05
4.49811e-05
4.4541e-05
4.4395e-05
4.39826e-05
4.34295e-05
4.29842e-05
4.2055e-05
4.07025e-05
3.96101e-05
3.85729e-05
3.74452e-05
3.66956e-05
3.60181e-05
3.49957e-05
3.41346e-05
3.34846e-05
3.26183e-05
3.18582e-05
3.12699e-05
3.03384e-05
2.93605e-05
2.87027e-05
2.79517e-05
2.71756e-05
2.66205e-05
2.57965e-05
2.47258e-05
2.3915e-05
2.31246e-05
2.22818e-05
2.17231e-05
2.10774e-05
2.01562e-05
1.94088e-05
1.86886e-05
1.78172e-05
1.71357e-05
1.64292e-05
1.54692e-05
1.46621e-05
1.39477e-05
1.30933e-05
1.2359e-05
1.15969e-05
1.05756e-05
9.65625e-06
8.87956e-06
8.08539e-06
7.50494e-06
7.03124e-06
6.43358e-06
5.94053e-06
5.53437e-06
5.05742e-06
4.68763e-06
4.3491e-06
3.89394e-06
3.53281e-06
3.25767e-06
2.95978e-06
2.77202e-06
2.60223e-06
2.3361e-06
2.13441e-06
1.97231e-06
1.78892e-06
1.69763e-06
