8.63369e-07
9.17855e-07
9.94675e-07
1.07896e-06
1.16358e-06
1.28495e-06
1.40139e-06
1.49617e-06
1.6203e-06
1.7498e-06
1.88547e-06
2.07525e-06
2.26375e-06
2.43356e-06
2.64053e-06
2.84176e-06
3.0338e-06
3.27185e-06
3.48837e-06
3.67264e-06
3.90763e-06
4.15564e-06
4.41852e-06
4.76101e-06
5.08979e-06
5.36385e-06
5.66246e-06
5.93346e-06
6.16793e-06
6.45859e-06
6.72702e-06
6.92334e-06
7.14934e-06
7.36499e-06
7.53296e-06
7.75321e-06
7.96322e-06
8.0809e-06
8.21827e-06
8.37927e-06
8.50788e-06
8.71018e-06
8.96821e-06
9.15427e-06
9.34267e-06
9.57995e-06
9.78294e-06
1.00339e-05
1.03977e-05
1.07414e-05
1.10747e-05
1.14981e-05
1.19247e-05
1.23485e-05
1.28899e-05
1.34543e-05
1.39524e-05
1.45215e-05
1.51675e-05
1.58141e-05
1.65963e-05
1.75286e-05
1.84181e-05
1.9301e-05
2.0271e-05
2.12065e-05
2.21547e-05
2.32957e-05
2.45175e-05
2.57431e-05
2.7172e-05
2.88151e-05
3.05808e-05
3.26701e-05
3.51563e-05
3.78213e-05
4.0739e-05
4.41232e-05
4.7863e-05
5.19943e-05
5.68137e-05
6.22052e-05
6.79351e-05
7.42485e-05
8.12671e-05
8.88178e-05
9.71883e-05
0.000106733
0.000117209
0.000128612
0.000141452
0.000155782
0.000171535
0.000189321
0.000209483
0.000231728
0.000256436
0.000284456
0.000315897
0.000350995
0.000390777
0.000435536
0.000484815
0.000539217
0.000599739
0.000666375
0.000739635
0.000821199
0.000911729
0.00101111
0.00112084
0.00124282
0.00137745
0.00152567
0.00168988
0.00187097
0.0020685
0.00228407
0.00252018
0.00277733
0.00305642
0.00336076
0.00369238
0.00405115
0.00443936
0.00486166
0.00532039
0.00581722
0.00635704
0.00694418
0.0075788
0.00826203
0.0089988
0.00979225
0.0106427
0.0115542
0.0125335
0.0135834
0.0147052
0.0159061
0.0171944
0.0185733
0.0200454
0.0216182
0.0232961
0.025077
0.0269613
0.028957
0.03107
0.033302
0.0356609
0.0381595
0.040804
0.0435944
0.0465368
0.0496414
0.0529107
0.0563433
0.0599464
0.0637312
0.0677003
0.0718541
0.0762041
0.0807644
0.0855379
0.0905225
0.0957242
0.101149
0.106788
0.112636
0.118699
0.12499
0.131514
0.138273
0.145276
0.152534
0.160038
0.167774
0.17574
0.183945
0.192387
0.20106
0.209974
0.219143
0.22856
0.238205
0.248066
0.258142
0.268428
0.278907
0.289579
0.300458
0.311549
0.322834
0.334289
0.345905
0.357674
0.369571
0.381574
0.393687
0.405923
0.418269
0.430694
0.443175
0.455695
0.468232
0.480748
0.493227
0.505676
0.518104
0.530491
0.5428
0.555007
0.5671
0.579055
0.590847
0.602466
0.613926
0.625226
0.636325
0.647169
0.657722
0.66797
0.6779
0.687497
0.696759
0.705695
0.714296
0.722519
0.730309
0.737645
0.744536
0.750998
0.75702
0.762577
0.767651
0.772222
0.776265
0.779757
0.782702
0.785134
0.787079
0.788524
0.789436
0.789791
0.789604
0.788904
0.7877
0.78598
0.783724
0.780922
0.777566
0.773655
0.769204
0.764253
0.758839
0.752976
0.746642
0.739815
0.732511
0.724781
0.716669
0.708185
0.699308
0.690023
0.680346
0.670318
0.659979
0.649352
0.638445
0.627267
0.615833
0.604169
0.592307
0.580282
0.568122
0.555835
0.543416
0.530865
0.518207
0.50549
0.492755
0.480016
0.467262
0.454492
0.441732
0.429026
0.416408
0.403873
0.3914
0.378982
0.366648
0.35445
0.342422
0.330568
0.318875
0.307342
0.296001
0.284887
0.274016
0.26337
0.252925
0.242679
0.23266
0.2229
0.213409
0.20417
0.195166
0.186403
0.177902
0.16968
0.161726
0.154016
0.146533
0.139286
0.132296
0.125575
0.11911
0.112881
0.106882
0.101123
0.0956106
0.090337
0.0852819
0.0804309
0.0757855
0.0713544
0.0671383
0.063126
0.0593055
0.0556738
0.0522325
0.0489766
0.0458907
0.04296
0.0401803
0.0375552
0.0350832
0.0327522
0.0305476
0.0284647
0.0265073
0.0246756
0.0229588
0.0213414
0.0198163
0.0183862
0.0170537
0.0158131
0.0146532
0.013567
0.0125537
0.0116116
0.0107331
0.00990958
0.00913848
0.00842284
0.0077634
0.00715446
0.00658885
0.00606455
0.00558339
0.0051441
0.00473993
0.00436409
0.00401486
0.00369347
0.00339858
0.00312571
0.00287188
0.00263783
0.00242435
0.00222852
0.00204574
0.00187453
0.00171693
0.00157419
0.00144427
0.00132444
0.00121431
0.00111458
0.0010239
0.00093933
0.000859606
0.000786218
0.00072049
0.000661325
0.000606812
0.000556692
0.000511742
0.000471407
0.000433824
0.000398178
0.000365465
0.00033647
0.000310286
0.000285639
0.000262617
0.000241965
0.000223361
0.000205678
0.000188714
0.00017338
0.000160074
0.000147988
0.000136398
0.000125613
0.000116044
0.000107187
9.83234e-05
8.96696e-05
8.19603e-05
7.52426e-05
6.89341e-05
6.29019e-05
5.76016e-05
5.31096e-05
4.88653e-05
4.45796e-05
4.06519e-05
3.73944e-05
3.44952e-05
3.16114e-05
2.89313e-05
2.67016e-05
2.4665e-05
2.24739e-05
2.02913e-05
1.84803e-05
1.69921e-05
1.55429e-05
1.41559e-05
1.30376e-05
1.20786e-05
1.09646e-05
9.69363e-06
8.5361e-06
7.56307e-06
6.62452e-06
5.72007e-06
5.01526e-06
4.51348e-06
4.02461e-06
3.47456e-06
2.98455e-06
2.61882e-06
2.29273e-06
1.96591e-06
1.72281e-06
1.61053e-06
1.54362e-06
1.43719e-06
1.33015e-06
1.28766e-06
1.2742e-06
1.23811e-06
1.23758e-06
1.35649e-06
1.55736e-06
1.74508e-06
1.93244e-06
2.18404e-06
2.43312e-06
2.57151e-06
2.67249e-06
2.86355e-06
3.07546e-06
3.19841e-06
3.32272e-06
3.53963e-06
3.72992e-06
3.82786e-06
4.00054e-06
4.30834e-06
4.55921e-06
4.69454e-06
4.86258e-06
5.02658e-06
5.02491e-06
4.97377e-06
5.08147e-06
5.24329e-06
5.29501e-06
5.34742e-06
5.46096e-06
5.43252e-06
5.22763e-06
5.08522e-06
5.02321e-06
4.85141e-06
4.6349e-06
4.5219e-06
4.37506e-06
4.1057e-06
3.91891e-06
3.87531e-06
3.78288e-06
3.64232e-06
3.58853e-06
3.51305e-06
3.31304e-06
3.17581e-06
3.18935e-06
3.18342e-06
3.14692e-06
3.19197e-06
3.19204e-06
3.0309e-06
2.87351e-06
2.79659e-06
2.65803e-06
2.47498e-06
2.37424e-06
2.26902e-06
2.0702e-06
1.91714e-06
1.86681e-06
1.78796e-06
1.68543e-06
1.64514e-06
1.5689e-06
1.39006e-06
1.23976e-06
1.15418e-06
1.04107e-06
9.39397e-07
9.06046e-07
8.49258e-07
7.40695e-07
6.7654e-07
6.51988e-07
6.0483e-07
5.87963e-07
6.29136e-07
6.42921e-07
6.35763e-07
6.90779e-07
7.63039e-07
8.08341e-07
8.99034e-07
9.98825e-07
9.99973e-07
9.71421e-07
9.79833e-07
9.52031e-07
9.28738e-07
9.93583e-07
1.04484e-06
1.04523e-06
1.10328e-06
1.17581e-06
1.20218e-06
1.28796e-06
1.40109e-06
1.41371e-06
1.41831e-06
1.47177e-06
1.46821e-06
1.47363e-06
1.55245e-06
1.54519e-06
1.44911e-06
1.38648e-06
1.28199e-06
1.14477e-06
1.10223e-06
1.05821e-06
9.53386e-07
9.01517e-07
8.56236e-07
7.85878e-07
7.99383e-07
8.25679e-07
7.98566e-07
8.26263e-07
8.71269e-07
8.89846e-07
9.79635e-07
1.05597e-06
1.02429e-06
9.92471e-07
9.42432e-07
8.33577e-07
7.89245e-07
7.75183e-07
7.04612e-07
6.66253e-07
6.43529e-07
5.78811e-07
5.58957e-07
5.52318e-07
4.81012e-07
4.19921e-07
3.69129e-07
2.90543e-07
2.54867e-07
2.42992e-07
1.97993e-07
1.66073e-07
1.39815e-07
9.85365e-08
