1.08194e-05
1.17276e-05
1.30506e-05
1.45387e-05
1.62556e-05
1.83204e-05
2.03078e-05
2.24654e-05
2.51616e-05
2.80405e-05
3.12875e-05
3.4966e-05
3.84487e-05
4.20941e-05
4.62799e-05
5.05403e-05
5.52762e-05
6.06611e-05
6.60436e-05
7.20528e-05
7.91045e-05
8.64252e-05
9.42929e-05
0.000102615
0.000110397
0.00011852
0.00012781
0.000137736
0.000149117
0.000162204
0.000175829
0.000190877
0.000208071
0.000226281
0.000246075
0.000267707
0.000289609
0.00031271
0.000338155
0.000364413
0.000391667
0.000420361
0.000448447
0.000476635
0.000507177
0.000539059
0.000572512
0.000609091
0.000646917
0.000685805
0.000728707
0.000775084
0.000824286
0.000878707
0.000937397
0.000998894
0.00106638
0.00114029
0.00121799
0.0013008
0.00138867
0.00147841
0.00157252
0.00167476
0.00178316
0.00189819
0.00202213
0.00215112
0.00228335
0.00242283
0.00256817
0.00271609
0.00286961
0.00302858
0.00318937
0.0033565
0.00353492
0.00372165
0.00391754
0.00412696
0.00434689
0.00457663
0.00482427
0.00509165
0.00537481
0.00567688
0.00599881
0.00633324
0.00668077
0.00704809
0.00743174
0.00782791
0.0082421
0.00867346
0.00911574
0.00957492
0.0100583
0.0105604
0.0110793
0.0116218
0.0121852
0.0127649
0.0133712
0.0140125
0.0146823
0.0153797
0.0161102
0.016866
0.0176382
0.0184351
0.0192631
0.0201147
0.0209921
0.0219082
0.0228629
0.0238544
0.0248988
0.0260084
0.0271748
0.0283938
0.0296712
0.0309978
0.032357
0.0337532
0.0351954
0.0366727
0.0381768
0.0397195
0.0413044
0.0429228
0.0445851
0.0463152
0.0481143
0.0499708
0.0518895
0.0538738
0.0559035
0.057966
0.0600755
0.0622391
0.0644443
0.0666953
0.0690167
0.0714166
0.0738901
0.076454
0.0791314
0.0819111
0.0847657
0.0876891
0.0906786
0.0937096
0.0967687
0.0998805
0.103069
0.106327
0.109647
0.113042
0.116508
0.120008
0.123523
0.127068
0.130648
0.134252
0.137888
0.141599
0.145406
0.149301
0.153285
0.157377
0.16156
0.165789
0.170038
0.174318
0.17864
0.182994
0.187398
0.191893
0.196486
0.201133
0.205794
0.210461
0.21513
0.219781
0.22443
0.229137
0.23395
0.238853
0.243806
0.248779
0.253745
0.258653
0.263475
0.268247
0.27304
0.277887
0.282777
0.287689
0.292614
0.297513
0.302336
0.307086
0.311834
0.316659
0.321585
0.326591
0.331655
0.33674
0.341781
0.34672
0.351568
0.356396
0.361255
0.366125
0.370951
0.375684
0.380292
0.384744
0.389044
0.393263
0.397507
0.40182
0.406153
0.410414
0.414549
0.418554
0.422447
0.426259
0.430037
0.433823
0.437602
0.441294
0.444834
0.448239
0.451606
0.455017
0.458474
0.461912
0.465256
0.468445
0.471444
0.474252
0.476913
0.479483
0.481964
0.48428
0.486341
0.48814
0.489786
0.49142
0.493106
0.494793
0.49637
0.497755
0.498929
0.499921
0.50078
0.501538
0.502185
0.502666
0.502925
0.502969
0.502892
0.502814
0.502778
0.502695
0.502423
0.501885
0.50114
0.500306
0.499443
0.498484
0.497304
0.495836
0.494134
0.492316
0.490452
0.488499
0.486344
0.483906
0.481201
0.478325
0.475366
0.472342
0.469199
0.465893
0.462452
0.458979
0.455567
0.452218
0.448838
0.44531
0.441593
0.437737
0.433809
0.429808
0.425659
0.421299
0.416758
0.412148
0.407563
0.402986
0.39832
0.393488
0.388522
0.383518
0.378531
0.373517
0.368397
0.363168
0.357923
0.352755
0.347651
0.342498
0.337214
0.331834
0.326469
0.321181
0.315919
0.310609
0.305269
0.300017
0.294937
0.289967
0.284953
0.279804
0.274581
0.2694
0.264287
0.259156
0.253939
0.248699
0.243571
0.238605
0.233708
0.228761
0.223755
0.218784
0.213914
0.209103
0.204283
0.199482
0.194803
0.190285
0.185843
0.181371
0.176881
0.172482
0.168239
0.164098
0.159978
0.155902
0.151962
0.148179
0.144449
0.140662
0.136827
0.133028
0.129292
0.125565
0.121826
0.11816
0.114659
0.111304
0.107988
0.104671
0.101424
0.0983196
0.0953272
0.0923805
0.0894902
0.086723
0.0840783
0.0814626
0.0788125
0.0761792
0.0736457
0.071209
0.0688084
0.066441
0.0641692
0.0620073
0.0598798
0.0577274
0.0555928
0.0535501
0.0515958
0.0496789
0.0478059
0.0460375
0.0443803
0.042762
0.0411383
0.0395518
0.0380496
0.0366027
0.0351641
0.0337555
0.0324272
0.0311644
0.0299095
0.0286637
0.0274888
0.0264074
0.0253757
0.0243695
0.0234192
0.0225327
0.0216543
0.0207438
0.0198363
0.0189779
0.0181553
0.0173419
0.0165619
0.0158475
0.0151721
0.0144909
0.0138171
0.013193
0.0126139
0.0120464
0.0114972
0.0109953
0.0105257
0.0100494
0.00957449
0.00914138
0.00875136
0.00837465
0.00801253
0.00768588
0.00737709
0.00704905
0.0067082
0.00638831
0.00608864
0.00578721
0.00549318
0.0052271
0.00497288
0.00470543
0.00443973
0.00420193
0.00398312
0.00376731
0.00356858
0.00339824
0.00323596
0.00306934
0.0029187
0.00279459
0.00267717
0.00255672
0.00244529
0.00233811
0.0022149
0.00208146
0.00196164
0.00185575
0.0017515
0.00165658
0.00157911
0.00150355
0.00141982
0.00134228
0.00127727
0.00121107
0.00114149
0.00107956
0.00102043
0.000953169
0.000887552
0.000835733
0.000789473
0.000741842
0.000700674
0.000665172
0.000624684
0.000583997
0.000555173
0.000533585
0.000511258
0.000493073
0.000478839
0.000457919
0.000431648
0.00041027
0.000390959
0.000367379
0.000345188
0.000326687
0.000304546
0.000280666
0.000263379
0.000249102
0.000231802
0.000215674
0.000201763
0.000184805
0.000168581
0.000160109
0.000155518
0.000150777
0.000149007
0.00014783
0.000141826
0.000135015
0.000131147
0.000125475
0.000117433
0.000111309
0.000104777
9.58645e-05
8.97263e-05
8.68213e-05
8.21582e-05
7.67153e-05
7.24269e-05
6.6077e-05
5.86355e-05
5.45988e-05
5.20184e-05
4.8222e-05
4.54971e-05
4.31585e-05
3.89378e-05
3.59745e-05
3.57494e-05
3.50927e-05
3.44524e-05
3.52014e-05
3.46561e-05
3.30752e-05
3.30957e-05
3.24944e-05
2.96107e-05
2.68558e-05
2.39608e-05
2.01193e-05
1.82126e-05
1.84158e-05
1.81154e-05
1.7964e-05
1.81729e-05
1.68127e-05
1.51756e-05
1.47348e-05
1.36033e-05
1.17872e-05
1.06856e-05
9.18617e-06
7.4474e-06
7.00999e-06
6.68198e-06
5.73731e-06
5.32425e-06
4.91684e-06
4.48621e-06
5.3727e-06
6.55636e-06
7.05965e-06
7.80863e-06
8.10773e-06
7.5521e-06
7.75009e-06
8.16081e-06
7.59659e-06
7.14325e-06
6.66563e-06
5.36235e-06
4.43608e-06
3.95344e-06
2.87073e-06
1.84328e-06
1.19745e-06
5.70235e-07
5.37081e-07
9.20625e-07
1.05892e-06
1.24876e-06
1.28273e-06
9.63759e-07
9.61504e-07
1.04804e-06
8.71873e-07
9.33483e-07
1.01308e-06
9.87299e-07
1.38159e-06
1.6922e-06
1.56727e-06
1.5686e-06
1.44496e-06
1.09747e-06
1.16665e-06
1.29209e-06
1.0784e-06
9.62641e-07
7.84036e-07
3.98139e-07
