0.124966
0.124967
0.124967
0.124968
0.124968
0.124968
0.124968
0.124968
0.124969
0.124969
0.124969
0.124968
0.124968
0.124968
0.124969
0.124969
0.124969
0.124969
0.124969
0.12497
0.12497
0.12497
0.12497
0.12497
0.12497
0.124971
0.124972
0.124972
0.124973
0.124974
0.124974
0.124975
0.124976
0.124976
0.124977
0.124977
0.124978
0.124978
0.124978
0.124979
0.124979
0.124979
0.12498
0.124981
0.124982
0.124982
0.124983
0.124984
0.124984
0.124985
0.124986
0.124987
0.124988
0.124988
0.124989
0.124989
0.12499
0.12499
0.12499
0.124991
0.124991
0.124991
0.124992
0.124992
0.124993
0.124993
0.124994
0.124994
0.124994
0.124994
0.124994
0.124994
0.124994
0.124994
0.124994
0.124994
0.124995
0.124995
0.124995
0.124995
0.124996
0.124997
0.124998
0.124998
0.124999
0.125
0.125001
0.125001
0.125002
0.125003
0.125004
0.125005
0.125006
0.125006
0.125007
0.125008
0.125009
0.125009
0.125009
0.125009
0.125009
0.12501
0.12501
0.125011
0.125012
0.125012
0.125013
0.125013
0.125013
0.125014
0.125014
0.125014
0.125015
0.125015
0.125015
0.125015
0.125016
0.125016
0.125016
0.125017
0.125017
0.125017
0.125017
0.125017
0.125017
0.125017
0.125016
0.125016
0.125016
0.125015
0.125015
0.125015
0.125015
0.125015
0.125015
0.125015
0.125015
0.125015
0.125015
0.125015
0.125014
0.125014
0.125014
0.125014
0.125014
0.125014
0.125015
0.125015
0.125016
0.125017
0.125017
0.125017
0.125017
0.125017
0.125017
0.125017
0.125017
0.125017
0.125017
0.125016
0.125016
0.125016
0.125015
0.125015
0.125014
0.125014
0.125014
0.125013
0.125013
0.125013
0.125014
0.125013
0.125013
0.125013
0.125012
0.125011
0.125011
0.12501
0.12501
0.125009
0.125009
0.125008
0.125007
0.125006
0.125005
0.125004
0.125004
0.125003
0.125002
0.125002
0.125001
0.125
0.124999
0.124998
0.124998
0.124997
0.124997
0.124996
0.124996
0.124996
0.124995
0.124995
0.124994
0.124994
0.124994
0.124995
0.124995
0.124995
0.124995
0.124995
0.124995
0.124995
0.124996
0.124996
0.124996
0.124997
0.124997
0.124996
0.124996
0.124996
0.124997
0.124997
0.124998
0.124998
0.124999
0.124999
0.124999
0.124999
0.125
0.125
0.125001
0.125002
0.125002
0.125003
0.125004
0.125005
0.125005
0.125006
0.125007
0.125008
0.125008
0.125009
0.125009
0.125009
0.125009
0.125009
0.125008
0.125008
0.125007
0.125007
0.125008
0.125008
0.125008
0.125009
0.125009
0.125009
0.125009
0.125009
0.125009
0.125009
0.125009
0.125009
0.125008
0.125008
0.125009
0.125009
0.125009
0.125008
0.125008
0.125008
0.125008
0.125008
0.125008
0.125008
0.125007
0.125007
0.125006
0.125006
0.125006
0.125005
0.125005
0.125005
0.125004
0.125004
0.125004
0.125003
0.125003
0.125003
0.125002
0.125002
0.125003
0.125003
0.125003
0.125003
0.125004
0.125004
0.125004
0.125004
0.125004
0.125004
0.125003
0.125004
0.125004
0.125004
0.125004
0.125004
0.125004
0.125004
0.125003
0.125003
0.125003
0.125002
0.125002
0.125003
0.125003
0.125004
0.125004
0.125004
0.125005
0.125005
0.125005
0.125006
0.125006
0.125006
0.125007
0.125007
0.125008
0.125008
0.125008
0.125009
0.125009
0.125009
0.125009
0.125009
0.125009
0.125009
0.125009
0.125009
0.125009
0.125009
0.125009
0.125009
0.125009
0.125009
0.125009
0.125009
0.125009
0.125009
0.125008
0.125008
0.125008
0.125007
0.125007
0.125007
0.125008
0.125008
0.125009
0.125008
0.125008
0.125008
0.125008
0.125007
0.125006
0.125006
0.125005
0.125004
0.125003
0.125002
0.125002
0.125001
0.125
0.125
0.124999
0.124999
0.124999
0.124998
0.124998
0.124998
0.124997
0.124997
0.124996
0.124996
0.124996
0.124996
0.124996
0.124996
0.124996
0.124996
0.124996
0.124995
0.124995
0.124995
0.124995
0.124995
0.124995
0.124995
0.124995
0.124995
0.124995
0.124995
0.124996
0.124996
0.124997
0.124997
0.124997
0.124998
0.124998
0.124999
0.125
0.125001
0.125002
0.125003
0.125004
0.125004
0.125005
0.125005
0.125006
0.125007
0.125008
0.125009
0.12501
0.12501
0.125011
0.125011
0.125012
0.125012
0.125013
0.125014
0.125014
0.125014
0.125014
0.125014
0.125014
0.125014
0.125014
0.125014
0.125015
0.125015
0.125015
0.125016
0.125016
0.125016
0.125017
0.125017
0.125017
0.125017
0.125017
0.125017
0.125017
0.125017
0.125017
0.125016
0.125016
0.125015
0.125015
0.125014
0.125013
0.125014
0.125014
0.125014
0.125014
0.125015
0.125015
0.125015
0.125015
0.125015
0.125015
0.125015
0.125015
0.125015
0.125015
0.125015
0.125016
0.125016
0.125017
0.125017
0.125017
0.125017
0.125017
0.125017
0.125017
0.125017
0.125016
0.125016
0.125016
0.125015
0.125015
0.125015
0.125014
0.125014
0.125014
0.125013
0.125013
0.125012
0.125012
0.125011
0.125011
0.12501
0.12501
0.125009
0.125009
0.125009
0.125008
0.125008
0.125008
0.125007
0.125006
0.125005
0.125005
0.125004
0.125003
0.125002
0.125001
0.125
0.125
0.124999
0.124998
0.124998
0.124997
0.124996
0.124995
0.124995
0.124995
0.124995
0.124994
0.124994
0.124994
0.124994
0.124994
0.124994
0.124994
0.124994
0.124994
0.124994
0.124993
0.124993
0.124993
0.124992
0.124991
0.124991
0.12499
0.12499
0.12499
0.12499
0.124989
0.124989
0.124988
0.124988
0.124987
0.124986
0.124985
0.124985
0.124984
0.124983
0.124982
0.124982
0.124981
0.12498
0.124979
0.124979
0.124979
0.124979
0.124978
0.124978
0.124977
0.124977
0.124976
0.124976
0.124975
0.124975
0.124974
0.124973
0.124973
0.124972
0.124971
0.124971
0.12497
0.12497
0.12497
0.12497
0.12497
0.12497
0.12497
0.124969
0.124969
0.124969
0.124969
0.124969
0.124969
0.124969
0.124969
0.124969
0.124969
0.124969
0.124968
0.124968
0.124968
0.124967
0.124967
0.124966
0.124965
