0.12523
0.125218
0.125208
0.125194
0.125183
0.125177
0.125168
0.125158
0.125152
0.125146
0.125144
0.125147
0.125145
0.125141
0.125136
0.125124
0.125113
0.125102
0.125085
0.125069
0.125058
0.125048
0.125045
0.125048
0.125045
0.12504
0.125035
0.125026
0.125018
0.125013
0.125003
0.124992
0.124984
0.124974
0.124966
0.124962
0.124955
0.124946
0.124942
0.124938
0.124936
0.12494
0.124942
0.124938
0.124935
0.12493
0.124924
0.124922
0.12492
0.124913
0.124908
0.124903
0.124896
0.124892
0.124892
0.124888
0.124885
0.124886
0.124887
0.124891
0.124899
0.124902
0.124898
0.124893
0.124886
0.124877
0.124873
0.124874
0.124874
0.124878
0.124887
0.124896
0.124907
0.124923
0.124935
0.12494
0.124946
0.12495
0.12495
0.124952
0.124956
0.124953
0.124948
0.124946
0.124944
0.124943
0.124951
0.124962
0.12497
0.12498
0.124992
0.125
0.125007
0.125017
0.125024
0.125024
0.125024
0.125027
0.125027
0.12503
0.125038
0.125044
0.125045
0.125046
0.125048
0.125047
0.125048
0.125056
0.125063
0.125066
0.12507
0.125076
0.125076
0.125074
0.125074
0.12507
0.125058
0.125045
0.125034
0.125022
0.125013
0.125011
0.125012
0.12501
0.125009
0.125011
0.125013
0.125012
0.125014
0.125019
0.125017
0.125011
0.125005
0.124998
0.124988
0.124979
0.124975
0.12497
0.124963
0.124958
0.124957
0.124957
0.124958
0.124963
0.12497
0.124973
0.124972
0.124971
0.124969
0.124965
0.124962
0.124963
0.124965
0.124964
0.124962
0.124964
0.124967
0.12497
0.124977
0.12499
0.125004
0.125013
0.125021
0.12503
0.125037
0.125039
0.12504
0.125044
0.125045
0.125041
0.125035
0.125032
0.125028
0.125022
0.125017
0.125016
0.125015
0.12501
0.125006
0.125005
0.125007
0.125006
0.125006
0.125009
0.12501
0.125005
0.124997
0.12499
0.124987
0.124984
0.124984
0.124988
0.124995
0.124999
0.124997
0.124991
0.124986
0.124981
0.124975
0.124972
0.124974
0.124978
0.124979
0.124977
0.124976
0.124979
0.124983
0.124987
0.124995
0.125006
0.125016
0.125019
0.125017
0.125016
0.125016
0.125016
0.125015
0.125017
0.125021
0.125023
0.125019
0.125011
0.125006
0.125006
0.125006
0.125006
0.125007
0.125011
0.125016
0.125017
0.125015
0.125014
0.125014
0.125012
0.125004
0.124992
0.124981
0.124974
0.124968
0.124962
0.124956
0.124954
0.124955
0.124957
0.124959
0.124967
0.124982
0.124999
0.125012
0.125018
0.125021
0.125023
0.125028
0.125031
0.125033
0.125035
0.125037
0.125039
0.125038
0.125034
0.12503
0.125026
0.12502
0.125009
0.124995
0.124983
0.124977
0.124975
0.124972
0.124966
0.124958
0.124952
0.124953
0.124958
0.124962
0.124966
0.124972
0.124982
0.124996
0.12501
0.125022
0.125031
0.125038
0.125043
0.125046
0.125046
0.125043
0.125039
0.125033
0.125025
0.125016
0.125006
0.124997
0.12499
0.124984
0.124978
0.124972
0.124969
0.124968
0.124969
0.12497
0.12497
0.124969
0.12497
0.124975
0.124981
0.124988
0.124994
0.125001
0.12501
0.12502
0.125029
0.125036
0.125041
0.125044
0.125046
0.125045
0.125041
0.125035
0.125027
0.125018
0.125005
0.124991
0.124977
0.124968
0.124963
0.12496
0.124956
0.124953
0.124953
0.124959
0.124968
0.124975
0.124978
0.12498
0.124987
0.125
0.125014
0.125024
0.125029
0.125032
0.125036
0.125039
0.125039
0.125037
0.125034
0.125032
0.12503
0.125025
0.125021
0.125018
0.125015
0.125008
0.124994
0.124977
0.124964
0.124957
0.124956
0.124955
0.124955
0.124958
0.124964
0.124971
0.124977
0.124985
0.124995
0.125007
0.125014
0.125015
0.125014
0.125015
0.125016
0.125015
0.12501
0.125007
0.125006
0.125006
0.125006
0.125007
0.125013
0.12502
0.125023
0.125021
0.125017
0.125016
0.125017
0.125016
0.125016
0.125017
0.125018
0.125014
0.125003
0.124991
0.124984
0.12498
0.124976
0.124974
0.124975
0.124978
0.124977
0.124973
0.124972
0.124977
0.124983
0.124988
0.124993
0.124998
0.125
0.124995
0.124988
0.124984
0.124985
0.124988
0.124991
0.124998
0.125007
0.12501
0.125008
0.125006
0.125007
0.125007
0.125006
0.125007
0.125012
0.125016
0.125017
0.125018
0.125024
0.12503
0.125034
0.125037
0.125042
0.125045
0.125042
0.125038
0.125036
0.125034
0.125027
0.125018
0.125009
0.125
0.124986
0.124974
0.124968
0.124966
0.124963
0.124962
0.124965
0.124966
0.124964
0.124963
0.124967
0.12497
0.12497
0.124971
0.124971
0.124968
0.12496
0.124956
0.124957
0.124958
0.124959
0.124966
0.124974
0.124978
0.124983
0.124992
0.125002
0.125008
0.125014
0.125019
0.125019
0.125014
0.125012
0.125013
0.125011
0.125009
0.125011
0.125012
0.125012
0.125015
0.125025
0.125037
0.125048
0.125061
0.125072
0.125075
0.125075
0.125076
0.125075
0.125069
0.125064
0.125061
0.125053
0.125046
0.125046
0.125046
0.125044
0.125043
0.125042
0.125036
0.125028
0.125026
0.125026
0.125024
0.125023
0.125022
0.125014
0.125004
0.124997
0.124987
0.124975
0.124965
0.124957
0.124947
0.124941
0.124943
0.124946
0.124949
0.124954
0.124955
0.124951
0.124949
0.124949
0.124944
0.124938
0.124931
0.124918
0.124903
0.124892
0.124884
0.124876
0.124874
0.124876
0.124875
0.12488
0.12489
0.124896
0.124899
0.124902
0.124897
0.124889
0.124886
0.124885
0.124885
0.124889
0.124893
0.124894
0.124898
0.124906
0.124911
0.124916
0.124923
0.124924
0.124926
0.124933
0.124937
0.124939
0.124942
0.12494
0.124936
0.124939
0.124944
0.124949
0.124958
0.124965
0.124969
0.124978
0.124988
0.124996
0.125006
0.125015
0.12502
0.125028
0.125037
0.125041
0.125045
0.125047
0.125045
0.12505
0.125061
0.125073
0.12509
0.125107
0.125116
0.125128
0.125137
0.125141
0.125145
0.125145
0.125142
0.125146
0.125153
0.12516
0.125171
0.125179
0.125186
0.125198
0.125211
0.125221
0.125232
