0.121052
0.121135
0.1212
0.121289
0.121349
0.121403
0.121517
0.121621
0.121705
0.121797
0.121838
0.121868
0.121945
0.122002
0.122049
0.122113
0.122134
0.122154
0.12221
0.122224
0.122214
0.122211
0.122176
0.122175
0.122259
0.122358
0.122477
0.122628
0.122743
0.122858
0.123016
0.123144
0.123249
0.123363
0.123431
0.123485
0.123579
0.123649
0.12368
0.123716
0.123718
0.123702
0.123748
0.123815
0.123865
0.12394
0.124003
0.124032
0.124103
0.124205
0.124281
0.12437
0.124469
0.124527
0.124598
0.124709
0.124788
0.124844
0.124915
0.124959
0.125003
0.125119
0.125266
0.125395
0.125539
0.125663
0.125724
0.12578
0.12585
0.125872
0.125867
0.125871
0.125842
0.1258
0.125814
0.125847
0.125855
0.125879
0.125912
0.125918
0.12595
0.126049
0.126152
0.126241
0.12635
0.12644
0.126487
0.126556
0.126656
0.126726
0.126778
0.12684
0.126864
0.126846
0.126848
0.12685
0.126797
0.126715
0.126633
0.126515
0.126388
0.126324
0.126309
0.126288
0.126284
0.126304
0.126294
0.126261
0.126265
0.126285
0.126273
0.126258
0.126262
0.126243
0.126206
0.126213
0.126247
0.126248
0.126226
0.126205
0.126145
0.126037
0.125943
0.125877
0.125784
0.125661
0.125548
0.125426
0.125271
0.125134
0.125062
0.125015
0.124963
0.124938
0.12494
0.124918
0.124875
0.124863
0.124866
0.124833
0.124777
0.124738
0.1247
0.124646
0.124629
0.124686
0.12477
0.124838
0.124904
0.124969
0.124984
0.124944
0.124905
0.124887
0.124848
0.124782
0.124729
0.124689
0.124623
0.124541
0.124498
0.12449
0.124473
0.12445
0.124464
0.124512
0.124562
0.124632
0.124766
0.124949
0.125119
0.12526
0.1254
0.125527
0.125608
0.125659
0.125735
0.125839
0.125921
0.125963
0.125992
0.12601
0.125985
0.125921
0.125874
0.125871
0.125875
0.125854
0.125822
0.125792
0.125736
0.125636
0.125535
0.125487
0.125489
0.125501
0.125516
0.125553
0.125593
0.125594
0.125554
0.125523
0.125536
0.125572
0.125601
0.125634
0.125685
0.125725
0.125717
0.125672
0.125643
0.125647
0.125649
0.125619
0.125566
0.125502
0.125406
0.125259
0.125092
0.124966
0.124904
0.124871
0.124828
0.124779
0.124736
0.12469
0.124622
0.124552
0.124528
0.124567
0.124635
0.12469
0.124734
0.124801
0.124905
0.125025
0.125143
0.125267
0.12541
0.125547
0.125641
0.125683
0.125705
0.125735
0.125756
0.125733
0.125665
0.125599
0.125579
0.125609
0.12566
0.125712
0.125764
0.12581
0.125828
0.125802
0.125749
0.12571
0.125696
0.125682
0.125629
0.125541
0.12546
0.12542
0.125413
0.125395
0.125344
0.125279
0.125236
0.125228
0.125231
0.125219
0.125182
0.125132
0.125081
0.125028
0.124975
0.124933
0.124916
0.124919
0.124925
0.124921
0.124914
0.124926
0.124962
0.125002
0.125023
0.125033
0.125067
0.125158
0.125299
0.125448
0.125564
0.125644
0.125718
0.125806
0.125892
0.125938
0.125927
0.125886
0.125864
0.125882
0.125915
0.125913
0.125854
0.12576
0.125669
0.125592
0.125507
0.125386
0.125236
0.125101
0.125021
0.124996
0.124991
0.12497
0.124933
0.124904
0.1249
0.124911
0.124919
0.124917
0.12492
0.124946
0.124995
0.125053
0.125108
0.125161
0.125211
0.125248
0.125261
0.125258
0.12527
0.125317
0.125383
0.125433
0.125448
0.125457
0.125499
0.125581
0.125664
0.125708
0.125716
0.125727
0.125766
0.125812
0.125829
0.125802
0.12575
0.125696
0.125642
0.125591
0.125565
0.125589
0.125657
0.125719
0.125733
0.125704
0.125669
0.12564
0.125588
0.125483
0.12534
0.125198
0.125076
0.124961
0.124845
0.124749
0.124692
0.124657
0.12461
0.124552
0.124528
0.124569
0.12465
0.124722
0.124772
0.12482
0.124875
0.12492
0.124958
0.125027
0.12516
0.125327
0.125466
0.125552
0.125608
0.125654
0.125675
0.125665
0.125658
0.125687
0.125726
0.125725
0.125679
0.125627
0.125594
0.125562
0.125525
0.125514
0.125548
0.125586
0.12558
0.125539
0.125508
0.125499
0.125493
0.1255
0.125561
0.125671
0.125772
0.125825
0.125853
0.125884
0.125899
0.125888
0.125888
0.125934
0.125989
0.126001
0.125971
0.125934
0.125881
0.125787
0.125676
0.125598
0.12554
0.125448
0.125312
0.125171
0.125028
0.124859
0.124686
0.124568
0.124513
0.124473
0.124436
0.124436
0.124469
0.124493
0.12451
0.124567
0.124657
0.124724
0.124765
0.12482
0.124883
0.124915
0.124928
0.124964
0.124995
0.124967
0.124895
0.124827
0.124759
0.124676
0.124629
0.124657
0.124714
0.12475
0.12479
0.124845
0.124873
0.124868
0.124887
0.124935
0.124959
0.124963
0.125
0.125061
0.125116
0.125201
0.12535
0.125508
0.125627
0.125741
0.125862
0.125948
0.126012
0.126105
0.126204
0.126248
0.126256
0.126267
0.126252
0.126208
0.126202
0.126236
0.126247
0.126241
0.126259
0.12627
0.12625
0.126255
0.126295
0.126305
0.126289
0.126303
0.126331
0.126356
0.126433
0.126567
0.126678
0.126753
0.126826
0.126864
0.126847
0.12684
0.12685
0.126812
0.126742
0.126686
0.126609
0.126506
0.12644
0.126389
0.126291
0.126181
0.126094
0.125992
0.125902
0.125882
0.12588
0.125848
0.125831
0.125825
0.125794
0.125789
0.125837
0.12586
0.125852
0.125853
0.12582
0.125741
0.125679
0.125607
0.125471
0.125325
0.125196
0.125053
0.12495
0.124916
0.124871
0.1248
0.124744
0.124657
0.124546
0.12448
0.124419
0.124318
0.124234
0.124159
0.12406
0.124001
0.123976
0.123911
0.123841
0.123796
0.123733
0.123698
0.12372
0.123712
0.12367
0.123632
0.12355
0.123452
0.123397
0.123317
0.123195
0.123087
0.122951
0.122795
0.122686
0.122571
0.122427
0.122323
0.122237
0.122173
0.122196
0.122236
0.122239
0.122247
0.122223
0.122162
0.12214
0.122109
0.122037
0.121987
0.121923
0.121844
0.121813
0.121761
0.121662
0.121575
0.121467
0.12136
0.121316
0.121256
0.121172
0.121114
0.121039
