9.87294e-07
1.56964e-06
1.7909e-06
1.92764e-06
2.18549e-06
1.95873e-06
1.91115e-06
2.39971e-06
2.49753e-06
2.50979e-06
2.6467e-06
2.17765e-06
1.85706e-06
2.11711e-06
2.11062e-06
2.28798e-06
2.74145e-06
2.71276e-06
3.05126e-06
3.80089e-06
3.81519e-06
3.74823e-06
3.73586e-06
3.21303e-06
3.58687e-06
4.97276e-06
6.13064e-06
7.81715e-06
9.58255e-06
1.02263e-05
1.14637e-05
1.33253e-05
1.39217e-05
1.44845e-05
1.52641e-05
1.46406e-05
1.44107e-05
1.53275e-05
1.50109e-05
1.41665e-05
1.37429e-05
1.22457e-05
1.12008e-05
1.2119e-05
1.2846e-05
1.34388e-05
1.48373e-05
1.5214e-05
1.54406e-05
1.75162e-05
1.93347e-05
2.04038e-05
2.24752e-05
2.378e-05
2.39442e-05
2.56554e-05
2.73287e-05
2.69191e-05
2.67829e-05
2.68503e-05
2.58996e-05
2.71035e-05
3.08462e-05
3.35899e-05
3.6085e-05
3.90124e-05
3.94308e-05
3.89017e-05
4.03163e-05
4.07844e-05
3.96463e-05
4.00184e-05
4.04602e-05
4.0149e-05
4.27103e-05
4.68465e-05
4.89068e-05
5.12452e-05
5.48103e-05
5.69503e-05
6.03889e-05
6.75944e-05
7.38882e-05
7.80148e-05
8.35119e-05
8.83784e-05
9.12824e-05
9.7592e-05
0.000107105
0.000114253
0.000121124
0.000130409
0.000137453
0.000142806
0.00015178
0.000160298
0.000163796
0.000168155
0.000175835
0.000183062
0.000194257
0.00021399
0.000234519
0.000251541
0.000271137
0.000292215
0.00030966
0.000330156
0.000358204
0.000384418
0.000406242
0.000432196
0.000460043
0.000483006
0.00050824
0.000539802
0.000566161
0.000584874
0.000607884
0.000635716
0.000661995
0.000695269
0.000741982
0.000788816
0.000828846
0.000873737
0.00092524
0.000973702
0.00102592
0.00109284
0.00116233
0.00122203
0.00128331
0.00135315
0.00141925
0.00148195
0.00155695
0.00163923
0.00171126
0.00178135
0.00186768
0.00196323
0.00205843
0.00216692
0.00229232
0.00241013
0.00251082
0.00261495
0.0027294
0.00284001
0.00295388
0.00309335
0.00325019
0.00340089
0.00355533
0.00373693
0.00393668
0.00413819
0.00435717
0.00460681
0.00486166
0.00510194
0.00535113
0.00562914
0.00591641
0.00620102
0.00650648
0.0068387
0.00716357
0.00746926
0.00779203
0.00815309
0.00853081
0.0089197
0.00935097
0.00982847
0.0103109
0.0107847
0.0112892
0.0118449
0.0124226
0.0130106
0.0136426
0.0143284
0.015024
0.0157089
0.0164277
0.017215
0.0180421
0.018881
0.0197589
0.0206951
0.0216434
0.0225578
0.0234715
0.0244448
0.0254746
0.0265265
0.0276213
0.0288092
0.0300741
0.0313474
0.0326168
0.0339409
0.0353443
0.0367784
0.0382151
0.0397017
0.0412765
0.0428939
0.0444975
0.0461217
0.0478454
0.0496741
0.0515469
0.0534504
0.05544
0.0575289
0.0596405
0.0617144
0.0638005
0.0659851
0.0682681
0.0705865
0.0729356
0.0753796
0.0779322
0.080508
0.0830382
0.0855758
0.0882257
0.0910042
0.0938424
0.0967153
0.099686
0.102796
0.105981
0.109161
0.11237
0.115723
0.119265
0.122905
0.126547
0.130202
0.133933
0.137729
0.1415
0.145214
0.148968
0.152873
0.156923
0.161023
0.165146
0.169374
0.173783
0.178316
0.182846
0.18734
0.1919
0.196636
0.201527
0.206463
0.211397
0.216383
0.221476
0.226626
0.231732
0.236789
0.241913
0.24721
0.252644
0.258077
0.263435
0.268783
0.274219
0.279724
0.285165
0.290453
0.295663
0.300972
0.306471
0.312086
0.317677
0.323201
0.328734
0.334352
0.340008
0.345571
0.350969
0.356266
0.361588
0.366983
0.372377
0.377663
0.38282
0.387922
0.393032
0.39812
0.403086
0.407874
0.412533
0.417167
0.421817
0.426415
0.430846
0.435056
0.439087
0.443015
0.446861
0.450566
0.454064
0.457366
0.460571
0.463794
0.467071
0.470333
0.473473
0.476435
0.479254
0.481999
0.484686
0.487231
0.489509
0.491464
0.49317
0.494769
0.496341
0.497832
0.4991
0.500064
0.500787
0.50142
0.502044
0.502597
0.502932
0.502976
0.50281
0.502593
0.502426
0.502274
0.502023
0.501583
0.500941
0.500135
0.499206
0.498174
0.497032
0.495742
0.494254
0.492556
0.490727
0.488901
0.487159
0.485439
0.483577
0.481447
0.479062
0.476525
0.473917
0.471234
0.468425
0.465459
0.462326
0.459035
0.455619
0.452168
0.448779
0.445467
0.442138
0.438673
0.43505
0.431345
0.427633
0.42392
0.420167
0.416345
0.412436
0.408405
0.404232
0.399972
0.39574
0.391601
0.387499
0.383317
0.378991
0.374524
0.369935
0.36524
0.360489
0.355764
0.35109
0.346396
0.341589
0.336661
0.33168
0.326704
0.32176
0.316887
0.312132
0.307478
0.302825
0.298089
0.293278
0.28845
0.28363
0.278823
0.274061
0.269372
0.264709
0.259977
0.255134
0.250226
0.245299
0.240373
0.235481
0.23069
0.226022
0.221411
0.21679
0.212154
0.207524
0.202888
0.198245
0.193652
0.189161
0.184756
0.180387
0.176053
0.171772
0.167521
0.163275
0.159065
0.154946
0.15092
0.146963
0.14309
0.139325
0.135641
0.131989
0.128365
0.124786
0.121227
0.117664
0.114129
0.110667
0.107278
0.103948
0.100696
0.097532
0.0944179
0.0913235
0.0882728
0.0852917
0.0823711
0.0795165
0.0767653
0.074126
0.0715659
0.0690747
0.0666715
0.0643472
0.0620707
0.0598439
0.057683
0.0555695
0.0534821
0.051442
0.0494731
0.0475647
0.0457126
0.0439371
0.042234
0.0405714
0.0389441
0.0373686
0.0358359
0.0343296
0.0328629
0.0314464
0.030062
0.0287064
0.0274051
0.0261669
0.0249819
0.0238592
0.0228098
0.0218141
0.0208539
0.0199376
0.0190647
0.0182172
0.0173954
0.0166095
0.0158473
0.0150989
0.0143791
0.013696
0.0130395
0.0124128
0.0118245
0.0112614
0.0107127
0.0101886
0.00969231
0.00921387
0.00875764
0.00832976
0.00791772
0.00751502
0.0071314
0.00676568
0.00640996
0.00607073
0.00575113
0.00544114
0.00514231
0.00486499
0.00460595
0.00436149
0.00413777
0.00393099
0.00373112
0.00354193
0.00336752
0.00320134
0.00304365
0.00289834
0.00275764
0.00261702
0.00248269
0.00235369
0.00222602
0.00210478
0.00199048
0.00187724
0.0017687
0.00166937
0.00157495
0.00148548
0.00140353
0.00132343
0.0012433
0.00116855
0.00109846
0.00103146
0.000971544
0.00091707
0.000863876
0.000815035
0.000771379
0.000729422
0.000690858
0.000656123
0.00062102
0.0005869
0.000556365
0.000526706
0.000498119
0.000471991
0.000444809
0.000416406
0.000389979
0.000364307
0.000339303
0.000317103
0.000295487
0.000273503
0.000253727
0.000235328
0.000217609
0.000202375
0.00018819
0.000174032
0.000161955
0.000151269
0.00014088
0.000131836
0.000122776
0.000112687
0.000103408
9.48438e-05
8.65564e-05
7.97605e-05
7.35693e-05
6.71261e-05
6.16098e-05
5.65978e-05
5.15336e-05
4.72432e-05
4.30285e-05
3.84461e-05
3.45738e-05
3.11584e-05
2.79158e-05
2.54305e-05
2.30325e-05
2.04275e-05
1.83571e-05
1.65415e-05
1.49035e-05
1.38504e-05
