0.125168
0.125164
0.125161
0.125157
0.125154
0.125153
0.12515
0.125146
0.125143
0.125139
0.125136
0.125135
0.125132
0.125128
0.125126
0.125121
0.125117
0.125113
0.125108
0.125102
0.125097
0.125092
0.125089
0.125088
0.125084
0.125079
0.125073
0.125066
0.12506
0.125056
0.125051
0.125045
0.125041
0.125038
0.125035
0.125034
0.125033
0.125031
0.12503
0.12503
0.12503
0.125032
0.125034
0.125032
0.125031
0.12503
0.125026
0.125025
0.125023
0.125019
0.125015
0.125011
0.125005
0.124999
0.124995
0.124989
0.124982
0.124977
0.124972
0.124967
0.124966
0.124963
0.124958
0.124953
0.124949
0.124943
0.124939
0.124938
0.124936
0.124934
0.124934
0.124934
0.124935
0.124938
0.12494
0.124939
0.124939
0.12494
0.124939
0.124939
0.12494
0.124939
0.124936
0.124934
0.124931
0.124928
0.124927
0.124927
0.124925
0.124923
0.124923
0.124922
0.12492
0.12492
0.124919
0.124917
0.124914
0.124913
0.124912
0.124912
0.124914
0.124916
0.124915
0.124914
0.124914
0.124912
0.124911
0.124913
0.124914
0.124914
0.124914
0.124916
0.124916
0.124915
0.124916
0.124917
0.124914
0.124912
0.124911
0.124911
0.124911
0.124914
0.12492
0.124924
0.124928
0.124933
0.124938
0.124943
0.124949
0.124956
0.124962
0.124965
0.124969
0.124974
0.124977
0.12498
0.124985
0.124989
0.124991
0.124993
0.124995
0.124997
0.124997
0.124999
0.125002
0.125003
0.125001
0.125
0.125
0.124999
0.124998
0.124999
0.125001
0.125001
0.125001
0.125002
0.125004
0.125005
0.125008
0.125013
0.125019
0.125023
0.125025
0.125029
0.125032
0.125032
0.125033
0.125036
0.125039
0.125039
0.125039
0.125041
0.125042
0.125042
0.125042
0.125044
0.125046
0.125047
0.125047
0.125048
0.12505
0.125052
0.125053
0.125055
0.125056
0.125056
0.125053
0.125051
0.125051
0.125051
0.125051
0.125054
0.125057
0.125059
0.125058
0.125055
0.125051
0.125048
0.125043
0.125038
0.125034
0.125031
0.125025
0.125017
0.125009
0.125003
0.124997
0.124991
0.124987
0.124985
0.124983
0.124979
0.124974
0.12497
0.124967
0.124966
0.124964
0.124964
0.124965
0.124966
0.124964
0.124961
0.124959
0.124959
0.12496
0.12496
0.12496
0.124961
0.124963
0.124964
0.124964
0.124965
0.124967
0.124969
0.124968
0.124966
0.124965
0.124966
0.124968
0.124969
0.124971
0.124973
0.124976
0.124979
0.124982
0.124987
0.124994
0.125002
0.125007
0.12501
0.12501
0.125011
0.125013
0.125015
0.125016
0.125017
0.125019
0.125021
0.125023
0.125023
0.125024
0.125024
0.125024
0.125021
0.125018
0.125015
0.125014
0.125015
0.125016
0.125014
0.12501
0.125008
0.125007
0.125008
0.125007
0.125006
0.125004
0.125005
0.125007
0.125009
0.125011
0.125011
0.12501
0.125009
0.125009
0.125007
0.125005
0.125003
0.125
0.124997
0.124995
0.124992
0.12499
0.124989
0.124988
0.124987
0.124987
0.124987
0.124987
0.124988
0.124989
0.124988
0.124988
0.124987
0.124988
0.124988
0.124989
0.12499
0.124992
0.124994
0.124996
0.124999
0.125001
0.125004
0.125006
0.125009
0.12501
0.12501
0.125011
0.125012
0.125012
0.12501
0.125007
0.125005
0.125005
0.125006
0.125008
0.125008
0.125008
0.125009
0.125011
0.125015
0.125017
0.125016
0.125015
0.125015
0.125018
0.125022
0.125024
0.125024
0.125023
0.125023
0.125022
0.12502
0.125017
0.125016
0.125015
0.125013
0.125011
0.125008
0.125007
0.125007
0.125004
0.124998
0.12499
0.124983
0.124979
0.124976
0.124973
0.12497
0.124968
0.124967
0.124966
0.124964
0.124963
0.124964
0.124967
0.124967
0.124966
0.124964
0.124963
0.124963
0.124962
0.12496
0.124959
0.12496
0.12496
0.12496
0.12496
0.124963
0.124966
0.124967
0.124967
0.124966
0.124967
0.124969
0.124971
0.124974
0.124979
0.124984
0.124988
0.12499
0.124992
0.124997
0.125002
0.125008
0.125015
0.125023
0.125031
0.125036
0.125039
0.125042
0.125047
0.125052
0.125055
0.125057
0.12506
0.125061
0.125058
0.125054
0.125052
0.125051
0.125051
0.125051
0.125053
0.125055
0.125055
0.125053
0.125051
0.12505
0.125049
0.125046
0.125045
0.125045
0.125044
0.125042
0.12504
0.12504
0.12504
0.125038
0.125037
0.125037
0.125036
0.125033
0.12503
0.125029
0.125028
0.125026
0.125022
0.12502
0.125016
0.125011
0.125006
0.125003
0.125002
0.125
0.125
0.125
0.125
0.124998
0.124997
0.124998
0.125
0.124999
0.125
0.125001
0.125
0.124997
0.124995
0.124994
0.124992
0.12499
0.124989
0.124986
0.124981
0.124977
0.124973
0.12497
0.124965
0.124961
0.124957
0.124951
0.124944
0.124938
0.124934
0.124929
0.124924
0.12492
0.124917
0.124911
0.124909
0.124909
0.12491
0.124911
0.124914
0.124916
0.124916
0.124915
0.124916
0.124916
0.124915
0.124915
0.124915
0.124913
0.124912
0.124914
0.124915
0.124915
0.124916
0.124917
0.124915
0.124913
0.124914
0.124915
0.124916
0.124919
0.124921
0.124922
0.124922
0.124924
0.124925
0.124925
0.124927
0.124928
0.124928
0.124929
0.124932
0.124935
0.124937
0.12494
0.12494
0.124939
0.124939
0.12494
0.124939
0.12494
0.12494
0.124938
0.124936
0.124936
0.124936
0.124936
0.124939
0.124942
0.124943
0.124947
0.124953
0.124958
0.124963
0.124968
0.12497
0.124972
0.124977
0.124982
0.124987
0.124994
0.125
0.125004
0.125009
0.125015
0.125019
0.125023
0.125026
0.125027
0.125028
0.125031
0.125032
0.125033
0.125034
0.125032
0.125029
0.12503
0.12503
0.125031
0.125034
0.125035
0.125036
0.12504
0.125044
0.125048
0.125054
0.125059
0.125063
0.12507
0.125077
0.125082
0.125087
0.125091
0.125092
0.125095
0.1251
0.125104
0.125111
0.125116
0.125119
0.125123
0.125127
0.12513
0.125133
0.125136
0.125136
0.12514
0.125144
0.125147
0.125151
0.125153
0.125154
0.125158
0.125161
0.125164
0.125168
