3.40965e-05
3.57611e-05
4.13297e-05
4.63835e-05
5.32715e-05
6.18063e-05
6.64985e-05
7.31452e-05
8.42532e-05
9.43443e-05
0.000107748
0.000122832
0.000131745
0.000142279
0.000156617
0.000167948
0.000183563
0.000202606
0.000216619
0.00023661
0.000264479
0.000289317
0.000317305
0.000344396
0.000357575
0.000370794
0.000390656
0.000407875
0.000433657
0.000467686
0.00049413
0.000526264
0.00057051
0.00061172
0.000659426
0.000715559
0.000760524
0.000808319
0.000872094
0.000932582
0.000994597
0.00106413
0.00111509
0.00115478
0.00120824
0.00126052
0.00131189
0.00138042
0.0014425
0.00148977
0.00155274
0.00162401
0.00169012
0.00177564
0.00187158
0.00195401
0.00205219
0.00217645
0.00229639
0.00242174
0.00255784
0.00266445
0.00275015
0.00285513
0.0029635
0.0030716
0.00321211
0.00336099
0.00348889
0.00363331
0.00380017
0.00395356
0.0041133
0.00429337
0.00444954
0.00459053
0.00476701
0.00496027
0.00515012
0.00537202
0.00560911
0.00581241
0.00601731
0.00626138
0.00650758
0.00675749
0.00704783
0.00733386
0.00757417
0.00782031
0.00808829
0.0083336
0.0085822
0.00887416
0.00916177
0.00943261
0.0097599
0.0101496
0.010551
0.0109891
0.0114799
0.0119445
0.0123594
0.0127959
0.0132551
0.0136896
0.0141431
0.0146502
0.015138
0.0155853
0.0160732
0.0166084
0.0171325
0.0176817
0.0183025
0.0189237
0.0195044
0.020128
0.0208227
0.0215173
0.0222212
0.0229926
0.0237675
0.0244688
0.0251701
0.0259474
0.0267503
0.027567
0.0284807
0.0294727
0.0304251
0.0313421
0.0323131
0.0333063
0.0342512
0.0352144
0.036264
0.0373219
0.0383455
0.0394508
0.0407041
0.0420195
0.0433633
0.0448019
0.0462829
0.0476457
0.0488802
0.0501112
0.051352
0.0525426
0.0537627
0.0551344
0.0565988
0.0580395
0.0595111
0.0611119
0.062772
0.0643967
0.066061
0.0678472
0.0696602
0.071413
0.0732167
0.075187
0.0772429
0.0792825
0.0813643
0.0835263
0.0856199
0.0875276
0.0893684
0.0912994
0.0932911
0.0952836
0.0973764
0.0996521
0.101972
0.104164
0.106287
0.108494
0.110772
0.113036
0.115362
0.117887
0.12053
0.123082
0.125513
0.12798
0.130539
0.133102
0.135685
0.13846
0.141466
0.144494
0.147365
0.150144
0.152951
0.15574
0.158443
0.161191
0.164176
0.167348
0.170465
0.173421
0.176328
0.179262
0.182133
0.184909
0.187762
0.190848
0.194047
0.197111
0.199995
0.202877
0.205874
0.208931
0.212031
0.215315
0.218868
0.222501
0.225917
0.229058
0.232139
0.235338
0.238618
0.241897
0.24524
0.248738
0.25229
0.255669
0.258823
0.261958
0.265253
0.268609
0.271776
0.27468
0.277481
0.280326
0.283175
0.285942
0.288689
0.291563
0.294573
0.297566
0.300472
0.303466
0.306777
0.310368
0.313907
0.317086
0.319906
0.322603
0.325344
0.328097
0.330784
0.333437
0.336143
0.338887
0.341544
0.344057
0.346525
0.34906
0.351586
0.353878
0.355831
0.357637
0.359615
0.361865
0.364151
0.366146
0.367788
0.369328
0.371045
0.372959
0.374846
0.376517
0.378034
0.379624
0.381426
0.38335
0.38518
0.386782
0.388191
0.389513
0.390794
0.391981
0.393002
0.393846
0.394564
0.395207
0.395797
0.396335
0.396826
0.397279
0.397692
0.398061
0.398387
0.398675
0.398919
0.399087
0.399141
0.399072
0.398904
0.398658
0.398328
0.397906
0.397413
0.396902
0.396403
0.395881
0.395285
0.394621
0.393978
0.393432
0.392926
0.392286
0.391383
0.390266
0.389097
0.387941
0.386646
0.384993
0.382977
0.380879
0.379025
0.377457
0.375903
0.374081
0.37201
0.369961
0.36812
0.366355
0.364371
0.362056
0.359614
0.357325
0.355257
0.35325
0.351147
0.348947
0.346695
0.344326
0.341725
0.338929
0.336153
0.333548
0.330995
0.328239
0.325223
0.322182
0.319346
0.316649
0.313811
0.310697
0.307473
0.304366
0.301393
0.298418
0.295401
0.292438
0.289533
0.286487
0.283139
0.279634
0.2763
0.273263
0.270312
0.267202
0.263939
0.260679
0.25744
0.254102
0.250681
0.247389
0.244347
0.241378
0.238228
0.23491
0.231649
0.228534
0.22542
0.222207
0.219022
0.215992
0.212995
0.209823
0.206507
0.203263
0.200147
0.196976
0.193645
0.190307
0.187118
0.183993
0.180799
0.177632
0.174699
0.171975
0.169243
0.166433
0.163693
0.161072
0.158392
0.155543
0.15267
0.149918
0.147188
0.144341
0.141475
0.138772
0.13618
0.133524
0.130829
0.12827
0.125844
0.123384
0.120876
0.118485
0.116227
0.113913
0.111471
0.10906
0.106758
0.104452
0.102107
0.0998921
0.0978711
0.0958618
0.0937312
0.0915782
0.0894812
0.0873417
0.0851398
0.0830673
0.0812344
0.0794999
0.0777442
0.0760415
0.0744173
0.0727253
0.0709205
0.0691683
0.0675463
0.065928
0.0642668
0.0626845
0.061196
0.0596636
0.0580817
0.0565853
0.0551561
0.0536434
0.0520594
0.0505357
0.0490595
0.0475624
0.0461496
0.0449428
0.0438491
0.0427423
0.0416677
0.040655
0.039588
0.0384368
0.0373329
0.0363029
0.0352348
0.0341383
0.0331211
0.0321525
0.0311572
0.0302143
0.0293933
0.0285873
0.0277212
0.026871
0.0260495
0.025175
0.0242908
0.0235035
0.0227629
0.0219825
0.0212191
0.0205137
0.019793
0.0190654
0.0184313
0.0178658
0.0172771
0.0166991
0.016175
0.0156345
0.0150663
0.0145555
0.0140827
0.0135662
0.0130446
0.0125704
0.012094
0.0116196
0.0112269
0.010887
0.0105193
0.0101519
0.00980925
0.0094327
0.0090361
0.00869054
0.0083621
0.00800208
0.00766017
0.00734859
0.00701814
0.00670065
0.00643836
0.0061751
0.00588737
0.00562547
0.00537817
0.00511849
0.00489694
0.00472361
0.00453901
0.00434936
0.00418532
0.00401222
0.00383111
0.00369003
0.00356348
0.0034144
0.00327496
0.00314461
0.00299059
0.00284388
0.00272127
0.00258019
0.00242798
0.00229697
0.00216599
0.00203888
0.00194942
0.00187063
0.00177594
0.00168997
0.00160566
0.00150598
0.00142185
0.00135569
0.00127787
0.00120382
0.00114438
0.00107773
0.00101765
0.000977733
0.000929935
0.000875102
0.000831915
0.000785235
0.000739029
0.000712297
0.000684087
0.000644725
0.000611291
0.000573777
0.000529943
0.00049999
0.000472642
0.000436598
0.000406992
0.000378073
0.000343684
0.000319464
0.000298371
0.000269873
0.000247064
0.000228027
0.000207543
0.000197384
0.000190913
0.000177285
0.000165132
0.000152122
0.000134334
0.000122728
0.000114036
0.000101536
9.28318e-05
8.56564e-05
7.64561e-05
7.24045e-05
6.92328e-05
6.18612e-05
5.63702e-05
5.08196e-05
4.37261e-05
4.10434e-05
3.89731e-05
3.4256e-05
3.11749e-05
2.74164e-05
2.26895e-05
