3.80703e-06
4.06501e-06
4.47512e-06
4.89879e-06
5.35581e-06
5.98777e-06
6.53069e-06
7.01594e-06
7.69342e-06
8.37657e-06
9.1452e-06
1.01781e-05
1.11203e-05
1.20191e-05
1.31441e-05
1.42094e-05
1.53135e-05
1.66865e-05
1.79117e-05
1.91077e-05
2.06824e-05
2.23248e-05
2.41418e-05
2.63831e-05
2.84385e-05
3.02933e-05
3.24016e-05
3.43836e-05
3.63338e-05
3.87089e-05
4.09146e-05
4.28433e-05
4.51037e-05
4.73143e-05
4.93689e-05
5.18502e-05
5.42238e-05
5.61435e-05
5.83904e-05
6.08415e-05
6.31917e-05
6.61516e-05
6.94512e-05
7.23279e-05
7.54297e-05
7.90033e-05
8.24901e-05
8.65397e-05
9.15176e-05
9.64635e-05
0.000101571
0.000107577
0.000113819
0.000120314
0.000127979
0.000136088
0.000144008
0.000152841
0.000162646
0.000172789
0.000184335
0.000197545
0.00021095
0.000224829
0.000240165
0.000256085
0.000272793
0.000291979
0.000313069
0.000335122
0.000359732
0.000387442
0.00041718
0.000450271
0.000488043
0.000528674
0.000571737
0.000619191
0.000670417
0.000724452
0.00078367
0.000848516
0.000916242
0.000987419
0.00106413
0.00114489
0.00122982
0.00132289
0.00142428
0.00153168
0.00164761
0.00177459
0.00191047
0.00205605
0.00221555
0.00238738
0.00256792
0.00275991
0.00296535
0.00318113
0.00340897
0.00365468
0.00391669
0.00419138
0.00448301
0.00479474
0.0051233
0.00547116
0.00584627
0.00624774
0.00667085
0.00711992
0.0075988
0.00810226
0.00863008
0.00919047
0.00978295
0.0104004
0.0110468
0.0117306
0.0124496
0.0132045
0.014008
0.0148664
0.0157719
0.0167238
0.0177306
0.0187893
0.0198919
0.0210463
0.0222635
0.0235384
0.0248664
0.0262601
0.0277283
0.0292646
0.0308714
0.0325643
0.0343433
0.0361923
0.0381101
0.0401077
0.0421815
0.0443248
0.0465549
0.0488944
0.0513425
0.0538931
0.0565608
0.0593562
0.0622657
0.0652794
0.0684121
0.071671
0.075039
0.0785099
0.0821051
0.0858374
0.0896966
0.093686
0.0978294
0.102129
0.106555
0.111095
0.115762
0.120559
0.125473
0.130516
0.135728
0.141125
0.146686
0.1524
0.158277
0.16431
0.170463
0.17673
0.183144
0.189725
0.196458
0.203335
0.210376
0.217584
0.224918
0.23235
0.239895
0.247574
0.255371
0.263272
0.2713
0.279478
0.287784
0.296172
0.304634
0.31319
0.321831
0.330525
0.339273
0.348108
0.357035
0.366002
0.374969
0.38394
0.392928
0.40191
0.410867
0.41983
0.428843
0.437892
0.446917
0.455883
0.464798
0.473663
0.482446
0.491125
0.499722
0.508256
0.516683
0.524927
0.532957
0.540808
0.548512
0.556063
0.563447
0.570675
0.577747
0.584609
0.591187
0.597465
0.603502
0.609353
0.615008
0.620415
0.62554
0.630379
0.634917
0.639132
0.643039
0.646697
0.650151
0.65336
0.65623
0.658698
0.66078
0.662529
0.663962
0.665058
0.665796
0.666182
0.666218
0.665896
0.665219
0.664234
0.662996
0.661502
0.659683
0.657469
0.654868
0.651956
0.648801
0.64539
0.641662
0.637573
0.633136
0.6284
0.62341
0.618188
0.612745
0.607083
0.601189
0.595043
0.588642
0.582021
0.575225
0.56826
0.561081
0.553646
0.545975
0.538154
0.530269
0.522326
0.514261
0.506011
0.497582
0.489045
0.480461
0.471826
0.463087
0.454215
0.445251
0.436281
0.427371
0.418514
0.409662
0.400776
0.391874
0.383006
0.374203
0.365446
0.356695
0.347934
0.339196
0.330538
0.321992
0.313542
0.305148
0.296795
0.288509
0.280335
0.272291
0.264353
0.256492
0.248716
0.241071
0.233604
0.226316
0.219166
0.212114
0.205165
0.198356
0.191713
0.185215
0.178819
0.172512
0.166332
0.160335
0.154536
0.148899
0.143379
0.137969
0.132702
0.127605
0.122665
0.117839
0.113108
0.108499
0.104048
0.0997662
0.0956285
0.0916079
0.0877044
0.0839332
0.0802953
0.0767705
0.0733434
0.0700248
0.0668373
0.0637836
0.0608404
0.0579873
0.0552313
0.0525943
0.0500785
0.0476572
0.0453041
0.0430238
0.0408431
0.0387765
0.0368097
0.0349208
0.0331061
0.0313759
0.0297297
0.0281508
0.0266268
0.0251663
0.0237845
0.022479
0.0212292
0.020022
0.018866
0.0177748
0.0167452
0.0157602
0.0148128
0.0139125
0.0130684
0.012274
0.0115175
0.0107983
0.010125
0.00949665
0.00889868
0.00831987
0.00776569
0.00724791
0.00676718
0.00631425
0.00588514
0.00548481
0.00511453
0.00476507
0.00442788
0.00410654
0.00381014
0.00353919
0.00328562
0.00304522
0.0028215
0.00261591
0.00242234
0.00223541
0.00205863
0.00189827
0.00175332
0.00161742
0.00148845
0.0013695
0.00126074
0.00115727
0.00105673
0.00096305
0.000879995
0.000805421
0.000735502
0.000670693
0.000613227
0.000561466
0.000511613
0.000463619
0.000420672
0.000383453
0.000349237
0.000316714
0.000287512
0.000262116
0.000238151
0.000214209
0.000192082
0.000173454
0.000157226
0.000141895
0.000128081
0.0001166
0.000106123
9.4996e-05
8.38229e-05
7.40801e-05
6.56212e-05
5.75525e-05
5.02573e-05
4.45889e-05
4.00212e-05
3.53616e-05
3.06131e-05
2.65694e-05
2.31817e-05
1.98365e-05
1.66909e-05
1.43409e-05
1.26197e-05
1.08777e-05
9.07969e-06
7.65321e-06
6.56283e-06
5.4434e-06
4.36776e-06
3.64986e-06
3.20081e-06
2.73487e-06
2.27152e-06
2.00504e-06
1.936e-06
1.87955e-06
1.76128e-06
1.72915e-06
1.88244e-06
2.07773e-06
2.19014e-06
2.35852e-06
2.7112e-06
3.06102e-06
3.24624e-06
3.5072e-06
4.02299e-06
4.50222e-06
4.77305e-06
5.1155e-06
5.56991e-06
5.78677e-06
5.83609e-06
6.19614e-06
6.84017e-06
7.35489e-06
7.84815e-06
8.5946e-06
9.17875e-06
9.23345e-06
9.24403e-06
9.50819e-06
9.56308e-06
9.36694e-06
9.42085e-06
9.55215e-06
9.2919e-06
9.02246e-06
9.19581e-06
9.38441e-06
9.31749e-06
9.41881e-06
9.5929e-06
9.27055e-06
8.74305e-06
8.59529e-06
8.52713e-06
8.28821e-06
8.325e-06
8.57076e-06
8.44175e-06
8.14692e-06
8.18373e-06
8.23094e-06
8.02772e-06
8.01861e-06
8.18094e-06
7.95971e-06
7.57999e-06
7.54994e-06
7.53701e-06
7.32449e-06
7.35026e-06
7.45633e-06
7.11013e-06
6.65499e-06
6.49672e-06
6.27731e-06
5.98422e-06
6.04774e-06
6.18266e-06
5.97974e-06
5.83752e-06
5.94111e-06
5.88151e-06
5.82271e-06
6.12046e-06
6.32218e-06
6.2424e-06
6.42322e-06
6.76821e-06
6.91953e-06
7.29145e-06
7.85314e-06
7.92259e-06
7.73297e-06
7.72448e-06
7.50153e-06
7.18483e-06
7.30888e-06
7.41275e-06
7.19749e-06
7.22428e-06
7.35742e-06
7.24048e-06
7.38625e-06
7.72938e-06
7.63735e-06
7.49937e-06
7.61288e-06
7.49947e-06
7.45969e-06
7.80258e-06
7.81413e-06
7.49604e-06
7.36931e-06
7.04883e-06
6.60206e-06
6.59083e-06
6.51474e-06
6.13179e-06
5.97819e-06
5.77936e-06
5.3912e-06
5.353e-06
5.31834e-06
4.96658e-06
4.82399e-06
4.74368e-06
4.51978e-06
4.6202e-06
4.73298e-06
4.44155e-06
4.18285e-06
3.884e-06
3.35881e-06
3.09354e-06
2.95909e-06
2.62134e-06
2.42483e-06
2.2969e-06
2.03186e-06
1.96161e-06
1.94064e-06
1.69909e-06
1.5264e-06
1.37834e-06
1.13343e-06
1.07065e-06
1.06277e-06
9.15831e-07
8.35779e-07
7.48646e-07
5.9276e-07
