0.125389
0.125393
0.125401
0.125407
0.125423
0.125435
0.125439
0.125451
0.125461
0.125469
0.125484
0.125489
0.125487
0.125488
0.125483
0.125476
0.125474
0.125466
0.125454
0.125451
0.125444
0.125437
0.125434
0.125421
0.125401
0.125389
0.125374
0.125363
0.125362
0.125359
0.125354
0.125358
0.125363
0.125368
0.125381
0.125389
0.125392
0.125401
0.12541
0.125414
0.125423
0.125425
0.125416
0.125408
0.125401
0.125389
0.125382
0.125377
0.125361
0.125346
0.125337
0.125323
0.125312
0.125307
0.125296
0.125284
0.12528
0.125275
0.125267
0.125264
0.125255
0.125236
0.12522
0.125209
0.125194
0.125188
0.125188
0.125182
0.125176
0.125178
0.125177
0.125174
0.125176
0.125176
0.125166
0.12516
0.125158
0.12515
0.125145
0.125144
0.125133
0.125116
0.125104
0.125091
0.125074
0.125062
0.125051
0.12503
0.125007
0.124989
0.124968
0.124946
0.124932
0.12492
0.124903
0.124892
0.12489
0.124887
0.124884
0.124887
0.124886
0.124874
0.124861
0.124852
0.124838
0.124824
0.124817
0.12481
0.124795
0.124784
0.12478
0.124774
0.124768
0.12477
0.124772
0.124767
0.124763
0.124765
0.124765
0.124762
0.124763
0.124764
0.124754
0.124742
0.124736
0.124731
0.124724
0.124722
0.124725
0.124721
0.124711
0.124703
0.124698
0.124686
0.124675
0.124672
0.124669
0.124662
0.124661
0.124669
0.12468
0.124689
0.124702
0.124717
0.124722
0.124717
0.124714
0.124713
0.124711
0.124711
0.124722
0.124739
0.124752
0.124765
0.124786
0.124807
0.124823
0.124837
0.124856
0.124871
0.124878
0.124885
0.1249
0.124916
0.124927
0.124938
0.124951
0.124957
0.12495
0.12494
0.124935
0.124933
0.124929
0.124931
0.124942
0.124952
0.124955
0.124953
0.124955
0.124958
0.124956
0.124956
0.124965
0.124977
0.124984
0.124986
0.12499
0.124996
0.124997
0.124993
0.124994
0.125
0.125003
0.124999
0.124996
0.124997
0.124997
0.124993
0.12499
0.124996
0.125007
0.125013
0.125016
0.12502
0.125024
0.125021
0.125009
0.124997
0.12499
0.124983
0.124971
0.124956
0.124945
0.124936
0.124923
0.124909
0.124899
0.124898
0.124898
0.124891
0.124878
0.124866
0.124854
0.124839
0.124823
0.124814
0.124812
0.124812
0.124804
0.124788
0.124773
0.124764
0.124757
0.124751
0.124747
0.124747
0.124748
0.124744
0.124734
0.124728
0.124734
0.124749
0.124765
0.124778
0.124792
0.12481
0.12483
0.124846
0.124859
0.12487
0.124882
0.12489
0.124892
0.124893
0.124901
0.124917
0.124935
0.124946
0.124949
0.124953
0.124965
0.124981
0.124996
0.125005
0.12501
0.125013
0.125016
0.125016
0.125013
0.125009
0.125006
0.125003
0.124998
0.12499
0.124986
0.124985
0.124985
0.124978
0.124961
0.124939
0.124922
0.124914
0.124909
0.124902
0.124889
0.124879
0.124877
0.124882
0.124883
0.124874
0.124854
0.124834
0.12482
0.124812
0.124805
0.124793
0.124779
0.124771
0.124774
0.124782
0.124786
0.124782
0.124776
0.124775
0.124784
0.1248
0.124813
0.124821
0.124829
0.124843
0.124864
0.124884
0.124892
0.12489
0.124886
0.124888
0.124899
0.124912
0.12492
0.124924
0.124933
0.12495
0.124972
0.124988
0.124993
0.124991
0.124991
0.124995
0.125002
0.125006
0.125008
0.12501
0.125013
0.125015
0.125014
0.125009
0.125003
0.124998
0.124987
0.124972
0.124955
0.124944
0.12494
0.124936
0.124924
0.124906
0.124889
0.124882
0.124881
0.124879
0.12487
0.124859
0.124847
0.124835
0.124817
0.124797
0.12478
0.124767
0.124755
0.124741
0.124728
0.124724
0.124732
0.124743
0.124749
0.124749
0.12475
0.124756
0.124764
0.124772
0.124783
0.124799
0.124815
0.124823
0.124823
0.124825
0.124835
0.124851
0.124866
0.124878
0.124891
0.124903
0.124909
0.124909
0.124909
0.124919
0.124933
0.124945
0.124954
0.124965
0.124979
0.12499
0.124995
0.125001
0.125012
0.125023
0.125025
0.12502
0.125015
0.125012
0.125005
0.124994
0.124988
0.124991
0.124996
0.124996
0.124995
0.124998
0.125001
0.124997
0.12499
0.124989
0.124993
0.124992
0.124986
0.124982
0.12498
0.124973
0.124961
0.124953
0.124953
0.124955
0.124953
0.124951
0.124953
0.12495
0.124939
0.124929
0.124928
0.124931
0.124934
0.124939
0.124948
0.124953
0.124945
0.124931
0.124919
0.124907
0.12489
0.124875
0.124867
0.124858
0.124842
0.124823
0.124808
0.124792
0.124771
0.124751
0.124739
0.124726
0.124711
0.124702
0.124703
0.124707
0.124709
0.124713
0.124718
0.124713
0.124699
0.124687
0.124679
0.124669
0.124663
0.124666
0.124674
0.124677
0.124682
0.124694
0.124706
0.124712
0.124719
0.124729
0.124732
0.124728
0.124729
0.124736
0.12474
0.124746
0.124758
0.124766
0.124764
0.124763
0.124767
0.124767
0.124766
0.124772
0.124777
0.124775
0.124774
0.124781
0.124787
0.124792
0.124804
0.124818
0.124825
0.124833
0.124847
0.124861
0.124871
0.124884
0.124895
0.124895
0.124892
0.124895
0.124898
0.124901
0.124915
0.124932
0.124944
0.124958
0.124981
0.125002
0.12502
0.125043
0.125063
0.125073
0.125085
0.125102
0.125114
0.125126
0.125143
0.125152
0.125152
0.125157
0.125163
0.125164
0.125169
0.125178
0.125177
0.125173
0.125176
0.125176
0.125175
0.125182
0.125188
0.125188
0.125197
0.125213
0.125226
0.125243
0.125262
0.125269
0.125272
0.125281
0.125287
0.125292
0.125306
0.125316
0.125321
0.125333
0.125347
0.125356
0.12537
0.125384
0.125388
0.125394
0.125404
0.125409
0.125415
0.125422
0.125416
0.125405
0.1254
0.12539
0.12538
0.125378
0.125369
0.125357
0.125354
0.125351
0.125349
0.125357
0.125362
0.125365
0.12538
0.125395
0.12541
0.12543
0.125441
0.125443
0.12545
0.125456
0.125459
0.125471
0.125478
0.125478
0.125484
0.125487
0.125484
0.125485
0.125476
0.12546
0.125451
0.12544
0.125429
0.125425
0.125413
0.125398
0.125393
0.125388
0.125386
